freq	unwrap(phase(S(2,1)))
1.00000000000000000E6	-4.31037966758252988E1
2.00000000000000000E6	-7.84718697168318347E1
3.00000000000000000E6	-1.10942345203337966E2
4.00000000000000000E6	-1.46947954182803131E2
5.00000000000000000E6	-1.88481992578261215E2
6.00000000000000000E6	-2.28428558317786701E2
7.00000000000000000E6	-2.62699907876052885E2
8.00000000000000000E6	-2.95683055607564782E2
9.00000000000000000E6	-3.33050605411089151E2
1.00000000000000000E7	-3.74892739996753566E2
1.10000000000000009E7	-4.13822661282680571E2
1.19999999999999996E7	-4.47832669642976278E2
1.30000000000000004E7	-4.81801427730074927E2
1.39999999999999991E7	-5.20464435027353556E2
1.50000000000000000E7	-5.62077229307829107E2
1.60000000000000009E7	-6.00046471752625799E2
1.69999999999999996E7	-6.34295554791056038E2
1.80000000000000004E7	-6.69690982983712946E2
1.89999999999999991E7	-7.09518219407867168E2
2.00000000000000000E7	-7.50509465176368185E2
2.10000000000000009E7	-7.87767882077061188E2
2.20000000000000018E7	-8.22794728016085308E2
2.29999999999999982E7	-8.59929844358121009E2
2.39999999999999991E7	-9.00570547986344039E2
2.50000000000000000E7	-9.40733407567686797E2
2.60000000000000009E7	-9.77757501354732916E2
2.70000000000000018E7	-1.01412361306599297E3
2.79999999999999982E7	-1.05305207811166524E3
2.89999999999999991E7	-1.09399801894434368E3
3.00000000000000000E7	-1.13344821283175357E3
3.10000000000000009E7	-1.17092534722156461E3
3.20000000000000018E7	-1.20908434783950991E3
3.29999999999999982E7	-1.24948766008721623E3
3.39999999999999991E7	-1.29032636107812104E3
3.50000000000000000E7	-1.32959174557332749E3
3.60000000000000009E7	-1.36828968758994685E3
3.70000000000000018E7	-1.40835551613829457E3
3.79999999999999982E7	-1.44965404458268288E3
3.89999999999999991E7	-1.49041495977770166E3
4.00000000000000000E7	-1.53035122019406389E3
4.09999999999999964E7	-1.57082093912457310E3
4.20000000000000018E7	-1.61244587232624492E3
4.29999999999999982E7	-1.65425735780138572E3
4.40000000000000036E7	-1.69555377542690922E3
4.50000000000000000E7	-1.73699343063024036E3
4.59999999999999964E7	-1.77926549231240250E3
4.70000000000000018E7	-1.82199238426958421E3
4.79999999999999982E7	-1.86458565748594762E3
4.90000000000000036E7	-1.90728439276713035E3
5.00000000000000000E7	-1.95057793171221117E3
5.09999999999999964E7	-1.99435651719074203E3
5.20000000000000018E7	-2.03826376358290817E3
5.29999999999999982E7	-2.08238446174674774E3
5.40000000000000036E7	-2.12700047541459769E3
5.50000000000000000E7	-2.17207943515992907E3
5.59999999999999964E7	-2.21744724045211772E3
5.70000000000000018E7	-2.26315800152348334E3
5.79999999999999982E7	-2.30935367197969565E3
5.90000000000000036E7	-2.35601577046900346E3
6.00000000000000000E7	-2.40308316589482240E3
6.09999999999999964E7	-2.45060663681905000E3
6.20000000000000018E7	-2.49864934849882880E3
6.29999999999999982E7	-2.54720352807582762E3
6.40000000000000036E7	-2.59626892831463518E3
6.50000000000000000E7	-2.64588720643647202E3
6.59999999999999964E7	-2.69608654628956490E3
6.70000000000000018E7	-2.74687635016375120E3
6.79999999999999982E7	-2.79827978326115590E3
6.90000000000000036E7	-2.85032597587189773E3
7.00000000000000000E7	-2.90303518899912483E3
7.09999999999999964E7	-2.95642760375346070E3
7.20000000000000018E7	-3.01052618249859671E3
7.29999999999999982E7	-3.06535026878210726E3
7.40000000000000036E7	-3.12091556157260452E3
7.50000000000000000E7	-3.17723466489477557E3
7.59999999999999964E7	-3.23431402604822882E3
7.70000000000000018E7	-3.29215151484016966E3
7.79999999999999982E7	-3.35073379480203570E3
7.90000000000000036E7	-3.41003209116570583E3
8.00000000000000000E7	-3.46999702415837996E3
8.09999999999999964E7	-3.53055220222270583E3
8.19999999999999929E7	-3.59158627077169701E3
8.30000000000000071E7	-3.65294360839470400E3
8.40000000000000036E7	-3.71441408062714640E3
8.50000000000000000E7	-3.77572291866957865E3
8.59999999999999964E7	-3.83652275209584426E3
8.69999999999999929E7	-3.89639093613959986E3
8.80000000000000071E7	-3.95483622145776659E3
8.90000000000000036E7	-4.01131867320314317E3
9.00000000000000000E7	-4.06528457266773735E3
9.09999999999999964E7	-4.11621346621027584E3
9.19999999999999929E7	-4.16366884851459584E3
9.30000000000000071E7	-4.20734028648530956E3
9.40000000000000036E7	-4.24706613334575600E3
9.50000000000000000E7	-4.28283239608860011E3
9.59999999999999964E7	-4.31475129769785326E3
9.69999999999999929E7	-4.34302826780327855E3
9.80000000000000071E7	-4.36792672062049281E3
9.90000000000000036E7	-4.38973727802446234E3
1.00000000000000000E8	-4.40875449420709220E3
1.01000000000000001E8	-4.42526133349607420E3
1.02000000000000002E8	-4.43952014103032244E3
1.03000000000000003E8	-4.45176838242998052E3
1.04000000000000004E8	-4.46221754756975564E3
1.05000000000000004E8	-4.47105396672254862E3
1.06000000000000005E8	-4.47844065607684882E3
1.06999999999999984E8	-4.48451961974815383E3
1.08000000000000007E8	-4.48941425897894675E3
1.09000000000000008E8	-4.49323169251761367E3
1.10000000000000009E8	-4.49606488902802415E3
1.10999999999999988E8	-4.49799457138401682E3
1.11999999999999988E8	-4.49909088653929956E3
1.13000000000000012E8	-4.49941485278775044E3
1.14000000000000012E8	-4.49901960480410068E3
1.14999999999999991E8	-4.49795145991135303E3
1.15999999999999992E8	-4.49625082901825657E3
1.16999999999999993E8	-4.49395299410350013E3
1.18000000000000016E8	-4.49108877187311162E3
1.18999999999999995E8	-4.48768508077150408E3
1.19999999999999996E8	-4.48376542615545226E3
1.20999999999999996E8	-4.47935031626465996E3
1.21999999999999997E8	-4.47445761969834610E3
1.22999999999999998E8	-4.46910287343946155E3
1.23999999999999999E8	-4.46329954904543591E3
1.25000000000000000E8	-4.45705928341839464E3
1.26000000000000001E8	-4.45039207960028627E3
1.27000000000000002E8	-4.44330648187380994E3
1.28000000000000003E8	-4.43580972969482268E3
1.29000000000000004E8	-4.42790789279859265E3
1.30000000000000004E8	-4.41960599092295414E3
1.31000000000000005E8	-4.41090810022440394E3
1.31999999999999984E8	-4.40181744834706379E3
1.33000000000000007E8	-4.39233650041147516E3
1.34000000000000008E8	-4.38246703603719379E3
1.35000000000000009E8	-4.37221022050063546E3
1.35999999999999988E8	-4.36156666982063612E3
1.36999999999999988E8	-4.35053651101407901E3
1.38000000000000012E8	-4.33911943896595709E3
1.39000000000000012E8	-4.32731476975725382E3
1.39999999999999991E8	-4.31512149179489057E3
1.40999999999999992E8	-4.30253831506793727E3
1.41999999999999993E8	-4.28956371910567036E3
1.43000000000000016E8	-4.27619600011425050E3
1.43999999999999995E8	-4.26243331776696355E3
1.44999999999999996E8	-4.24827374176487726E3
1.45999999999999996E8	-4.23371529919671818E3
1.46999999999999997E8	-4.21875602201438848E3
1.47999999999999998E8	-4.20339399613468245E3
1.48999999999999999E8	-4.18762741077303335E3
1.50000000000000000E8	-4.17145461014540864E3
1.51000000000000001E8	-4.15487414607716410E3
1.52000000000000002E8	-4.13788483290509568E3
1.53000000000000003E8	-4.12048580378187612E3
1.54000000000000004E8	-4.10267656914744627E3
1.55000000000000004E8	-4.08445707717603312E3
1.56000000000000005E8	-4.06582777596630773E3
1.56999999999999984E8	-4.04678967801583145E3
1.58000000000000007E8	-4.02734442651426505E3
1.59000000000000008E8	-4.00749436261967062E3
1.60000000000000009E8	-3.98724259510295553E3
1.61000000000000010E8	-3.96659307050056231E3
1.61999999999999988E8	-3.94555064467784300E3
1.63000000000000012E8	-3.92412115441698628E3
1.63999999999999990E8	-3.90231148930907645E3
1.64999999999999991E8	-3.88012966289956029E3
1.66000000000000014E8	-3.85758488316279102E3
1.66999999999999993E8	-3.83468762132898622E3
1.68000000000000016E8	-3.81144967777081112E3
1.68999999999999995E8	-3.78788424553525171E3
1.69999999999999996E8	-3.76400597016814853E3
1.71000000000000019E8	-3.73983100474913366E3
1.71999999999999997E8	-3.71537706005842105E3
1.72999999999999998E8	-3.69066344864416251E3
1.73999999999999977E8	-3.66571112278711553E3
1.75000000000000000E8	-3.64054270547748393E3
1.76000000000000023E8	-3.61518251297080928E3
1.77000000000000002E8	-3.58965657079858635E3
1.78000000000000003E8	-3.56399262079005075E3
1.78999999999999981E8	-3.53822012033100597E3
1.80000000000000004E8	-3.51237023336618037E3
1.81000000000000005E8	-3.48647581413062024E3
1.81999999999999984E8	-3.46057138386444318E3
1.83000000000000007E8	-3.43469310036588649E3
1.83999999999999986E8	-3.40887872366170663E3
1.85000000000000009E8	-3.38316757686420866E3
1.86000000000000010E8	-3.35760050502317986E3
1.86999999999999988E8	-3.33221983310322534E3
1.88000000000000012E8	-3.30706932570467149E3
1.88999999999999990E8	-3.28219415038259754E3
1.89999999999999991E8	-3.25764084595189507E3
1.91000000000000014E8	-3.23345730048020119E3
1.91999999999999993E8	-3.20969273932130239E3
1.93000000000000016E8	-3.18639772709807101E3
1.93999999999999995E8	-3.16362418565942383E3
1.94999999999999996E8	-3.14142543128654950E3
1.96000000000000019E8	-3.11985623334548157E3
1.96999999999999997E8	-3.09897289619017435E3
1.97999999999999998E8	-3.07883336784819850E3
1.98999999999999977E8	-3.05949737685595169E3
2.00000000000000000E8	-3.04102659855026669E3
2.01000000000000023E8	-3.02348485264979283E3
2.02000000000000002E8	-3.00693833257855392E3
2.03000000000000025E8	-2.99145586626953364E3
2.04000000000000004E8	-2.97710920817859748E3
2.04999999999999982E8	-2.96397335938659978E3
2.06000000000000005E8	-2.95212691340313427E3
2.06999999999999984E8	-2.94165242054147758E3
2.08000000000000007E8	-2.93263676488664293E3
2.08999999999999986E8	-2.92517154174619165E3
2.10000000000000009E8	-2.91935342190676872E3
2.11000000000000032E8	-2.91528448390493988E3
2.12000000000000011E8	-2.91307249176206318E3
2.12999999999999989E8	-2.91283108875520957E3
2.13999999999999968E8	-2.91467987389065231E3
2.14999999999999991E8	-2.91874432158929142E3
2.16000000000000014E8	-2.92515550128443991E3
2.16999999999999993E8	-2.93404955210892515E3
2.18000000000000016E8	-2.94556686895009623E3
2.18999999999999995E8	-2.95985096559597949E3
2.20000000000000018E8	-2.97704699493825098E3
2.20999999999999996E8	-2.99729993213633694E3
2.21999999999999975E8	-3.02075246495310346E3
2.22999999999999998E8	-3.04754268043751253E3
2.23999999999999977E8	-3.07780169590930930E3
2.25000000000000000E8	-3.11165144227049151E3
2.26000000000000023E8	-3.14920286394800630E3
2.27000000000000002E8	-3.19055484441544746E3
2.28000000000000025E8	-3.23579419128395429E3
2.29000000000000004E8	-3.28499701608651673E3
2.29999999999999982E8	-3.33823182093190152E3
2.31000000000000005E8	-3.39556458223795721E3
2.31999999999999984E8	-3.45706611316545231E3
2.33000000000000007E8	-3.52282203712828457E3
2.33999999999999986E8	-3.59294587042821600E3
2.35000000000000009E8	-3.66759606288476414E3
2.36000000000000032E8	-3.74699851130149719E3
2.37000000000000011E8	-3.83147727725043552E3
2.37999999999999989E8	-3.92149848463720740E3
2.38999999999999968E8	-4.01773670658204018E3
2.39999999999999991E8	-4.12118213607769057E3
2.41000000000000014E8	-4.23332712086807383E3
2.41999999999999993E8	-4.35652184968679634E3
2.43000000000000016E8	-4.49473830955130715E3
2.43999999999999995E8	-4.65551546363632074E3
2.45000000000000018E8	-4.49647182121797595E3
2.45999999999999996E8	-4.43977921709516554E3
2.46999999999999975E8	-4.38210830341284385E3
2.47999999999999998E8	-4.50157054626721997E3
2.48999999999999977E8	-4.57850156455623303E3
2.50000000000000000E8	-4.63635512246528769E3
2.51000000000000023E8	-4.68272033596498627E3
2.52000000000000002E8	-4.72118413932981085E3
2.53000000000000025E8	-4.75379028530660541E3
2.54000000000000004E8	-4.78184184888138031E3
2.54999999999999982E8	-4.80623437843510004E3
2.56000000000000005E8	-4.82761707549361585E3
2.56999999999999984E8	-4.84647959770730363E3
2.58000000000000007E8	-4.86320268851830573E3
2.58999999999999986E8	-4.87808959319245439E3
2.60000000000000009E8	-4.89138654088739155E3
2.61000000000000032E8	-4.90329664980435265E3
2.62000000000000011E8	-4.91398969076248271E3
2.62999999999999989E8	-4.92360914090519319E3
2.63999999999999968E8	-4.93227740448885843E3
2.64999999999999991E8	-4.94009975959887271E3
2.66000000000000014E8	-4.94716739610131739E3
2.66999999999999993E8	-4.95355979193431573E3
2.68000000000000016E8	-4.95934659761167751E3
2.68999999999999995E8	-4.96458915058885175E3
2.70000000000000018E8	-4.96934170425373978E3
2.70999999999999996E8	-4.97365243627835873E3
2.71999999999999975E8	-4.97756428292830400E3
2.72999999999999998E8	-4.98111563498312826E3
2.73999999999999977E8	-4.98434092244933868E3
2.75000000000000000E8	-4.98727110908194682E3
2.76000000000000023E8	-4.98993411315377067E3
2.77000000000000002E8	-4.99235516744402297E3
2.78000000000000025E8	-4.99455712878670166E3
2.79000000000000004E8	-4.99656074545152951E3
2.79999999999999982E8	-4.99838488935261971E3
2.81000000000000005E8	-5.00004675789987907E3
2.81999999999999984E8	-5.00156205091486505E3
2.83000000000000007E8	-5.00294512565133864E3
2.83999999999999986E8	-5.00420913330094486E3
2.85000000000000009E8	-5.00536613952002707E3
2.86000000000000032E8	-5.00642723116310240E3
2.87000000000000011E8	-5.00740261105357298E3
2.87999999999999989E8	-5.00830168235322226E3
2.88999999999999968E8	-5.00913312385339093E3
2.89999999999999991E8	-5.00990495732652441E3
2.91000000000000014E8	-5.01062460790675779E3
2.91999999999999993E8	-5.01129895833689343E3
2.93000000000000016E8	-5.01193439781281036E3
2.93999999999999995E8	-5.01253686603989834E3
2.95000000000000018E8	-5.01311189306172089E3
2.95999999999999996E8	-5.01366463532252382E3
2.96999999999999975E8	-5.01419990839068674E3
2.97999999999999998E8	-5.01472221669997431E3
2.98999999999999977E8	-5.01523578063228292E3
3.00000000000000000E8	-5.01574456122460433E3
3.01000000000000023E8	-5.01625228274669599E3
3.02000000000000002E8	-5.01676245337373850E3
3.03000000000000025E8	-5.01727838414658578E3
3.04000000000000004E8	-5.01780320639578203E3
3.04999999999999982E8	-5.01833988778393980E3
3.06000000000000005E8	-5.01889124710553336E3
3.06999999999999984E8	-5.01945996796622662E3
3.08000000000000007E8	-5.02004861145772274E3
3.08999999999999986E8	-5.02065962792213760E3
3.10000000000000009E8	-5.02129536790192965E3
3.11000000000000032E8	-5.02195809235263191E3
3.12000000000000011E8	-5.02264998219541781E3
3.12999999999999989E8	-5.02337314727514084E3
3.13999999999999968E8	-5.02412963478417929E3
3.14999999999999991E8	-5.02492143721057793E3
3.16000000000000014E8	-5.02575049985837641E3
3.16999999999999993E8	-5.02661872799016862E3
3.18000000000000016E8	-5.02752799363299907E3
3.18999999999999995E8	-5.02848014208949579E3
3.20000000000000018E8	-5.02947699819049543E3
3.20999999999999996E8	-5.03052037232413163E3
3.22000000000000020E8	-5.03161206627580349E3
3.22999999999999954E8	-5.03275387890731896E3
3.23999999999999977E8	-5.03394761170712979E3
3.25000000000000000E8	-5.03519507423796497E3
3.26000000000000023E8	-5.03649808950963340E3
3.27000000000000046E8	-5.03785849930312590E3
3.27999999999999980E8	-5.03927816947053842E3
3.29000000000000004E8	-5.04075899523621018E3
3.29999999999999982E8	-5.04230290652395929E3
3.31000000000000005E8	-5.04391187333365032E3
3.32000000000000028E8	-5.04558791119171257E3
3.32999999999999963E8	-5.04733308670025060E3
3.33999999999999986E8	-5.04914952321005028E3
3.35000000000000009E8	-5.05103940664011652E3
3.36000000000000032E8	-5.05300499147300108E3
3.37000000000000011E8	-5.05504860694898461E3
3.37999999999999989E8	-5.05717266348901440E3
3.38999999999999968E8	-5.05937965937248801E3
3.39999999999999991E8	-5.06167218770172322E3
3.41000000000000014E8	-5.06405294368177561E3
3.42000000000000037E8	-5.06652473224932542E3
3.42999999999999972E8	-5.06909047608405494E3
3.43999999999999995E8	-5.07175322403756734E3
3.45000000000000018E8	-5.07451616001883998E3
3.45999999999999996E8	-5.07738261237378641E3
3.47000000000000020E8	-5.08035606380270011E3
3.47999999999999954E8	-5.08344016185763259E3
3.48999999999999977E8	-5.08663873002042255E3
3.50000000000000000E8	-5.08995577968571933E3
3.51000000000000023E8	-5.09339552241227533E3
3.52000000000000046E8	-5.09696238341078889E3
3.52999999999999980E8	-5.10066101563777430E3
3.54000000000000004E8	-5.10449631482655519E3
3.54999999999999982E8	-5.10847343547026078E3
3.56000000000000005E8	-5.11259780781435502E3
3.57000000000000028E8	-5.11687515592287578E3
3.57999999999999963E8	-5.12131151687522834E3
3.58999999999999986E8	-5.12591326115625812E3
3.60000000000000009E8	-5.13068711438449832E3
3.61000000000000032E8	-5.13564017988529908E3
3.62000000000000011E8	-5.14077996351981970E3
3.62999999999999989E8	-5.14611439898231104E3
3.63999999999999968E8	-5.15165187495349652E3
3.64999999999999991E8	-5.15740126356657136E3
3.66000000000000014E8	-5.16337195025598827E3
3.67000000000000037E8	-5.16957386493502202E3
3.67999999999999972E8	-5.17601751436891178E3
3.68999999999999995E8	-5.18271401587028002E3
3.70000000000000018E8	-5.18967513143451242E3
3.70999999999999996E8	-5.19691330294374687E3
3.72000000000000020E8	-5.20444168737968038E3
3.72999999999999954E8	-5.21227419183296892E3
3.73999999999999977E8	-5.22042550762958690E3
3.75000000000000000E8	-5.22891114278387725E3
3.76000000000000023E8	-5.23774745178648526E3
3.77000000000000046E8	-5.24695166150224424E3
3.77999999999999980E8	-5.25654189169722308E3
3.79000000000000004E8	-5.26653716835107311E3
3.79999999999999982E8	-5.27695742790049138E3
3.81000000000000005E8	-5.28782350922424360E3
3.82000000000000028E8	-5.29915713137705424E3
3.82999999999999963E8	-5.31098085317469426E3
3.83999999999999986E8	-5.32331801064261967E3
3.85000000000000009E8	-5.33619262959651675E3
3.86000000000000032E8	-5.34962930720753782E3
3.87000000000000011E8	-5.36365305942706971E3
3.87999999999999989E8	-5.37828912965300798E3
3.88999999999999968E8	-5.39356275409058306E3
3.89999999999999991E8	-5.40949888156532310E3
3.91000000000000014E8	-5.42612184521573759E3
3.92000000000000037E8	-5.44345498630616298E3
3.92999999999999972E8	-5.46152023251101237E3
3.93999999999999995E8	-5.48033763646759375E3
3.95000000000000018E8	-5.49992488318566330E3
3.95999999999999996E8	-5.52029677985140488E3
3.97000000000000020E8	-5.54146474593178517E3
3.97999999999999954E8	-5.56343632328599291E3
3.98999999999999977E8	-5.58621473080623687E3
4.00000000000000000E8	-5.60979848931330149E3
4.00999999999999979E8	-5.63418114103517631E3
4.02000000000000046E8	-5.65935108653938368E3
4.02999999999999936E8	-5.68529155582115031E3
4.04000000000000004E8	-5.71198072416607783E3
4.04999999999999982E8	-5.73939197502283172E3
4.06000000000000050E8	-5.76749430089225701E3
4.07000000000000028E8	-5.79625282613722170E3
4.08000000000000007E8	-5.82562942766184211E3
4.08999999999999986E8	-5.85558342342995708E3
4.09999999999999964E8	-5.88607229532838261E3
4.11000000000000032E8	-5.91705241616812838E3
4.12000000000000011E8	-5.94847974889962394E3
4.12999999999999989E8	-5.98031049403168602E3
4.13999999999999968E8	-6.01250166655505858E3
4.15000000000000036E8	-6.04501158965306917E3
4.16000000000000014E8	-6.07780029799676402E3
4.16999999999999993E8	-6.11082985248329891E3
4.17999999999999972E8	-6.14406456709210325E3
4.18999999999999950E8	-6.17747115753657461E3
4.20000000000000018E8	-6.21101882010554540E3
4.20999999999999996E8	-6.24467925024153825E3
4.22000000000000064E8	-6.27842661368097588E3
4.22999999999999954E8	-6.31223747817348002E3
4.24000000000000021E8	-6.34609071610289188E3
4.25000000000000000E8	-6.37996738692282328E3
4.25999999999999979E8	-6.41385060533347229E3
4.27000000000000046E8	-6.44772540169386321E3
4.27999999999999936E8	-6.48157858032312362E3
4.29000000000000004E8	-6.51539857717065551E3
4.29999999999999982E8	-6.54917532183244155E3
4.31000000000000050E8	-6.58290010507922130E3
4.32000000000000028E8	-6.61656545237598248E3
4.33000000000000007E8	-6.65016500676647127E3
4.33999999999999986E8	-6.68369341839545861E3
4.34999999999999964E8	-6.71714624333879584E3
4.36000000000000032E8	-6.75051985077303307E3
4.37000000000000011E8	-6.78381133739997733E3
4.37999999999999989E8	-6.81701845093322145E3
4.38999999999999968E8	-6.85013951993671810E3
4.40000000000000036E8	-6.88317339049348664E3
4.41000000000000014E8	-6.91611936957064266E3
4.41999999999999993E8	-6.94897717445615815E3
4.42999999999999972E8	-6.98174688672402244E3
4.43999999999999950E8	-7.01442891254153533E3
4.45000000000000018E8	-7.04702394556977385E3
4.45999999999999996E8	-7.07953293481421753E3
4.47000000000000064E8	-7.11195705660434108E3
4.47999999999999954E8	-7.14429768952670674E3
4.49000000000000021E8	-7.17655639344607454E3
4.50000000000000000E8	-7.20873488929373440E3
4.50999999999999979E8	-7.24083504067183004E3
4.52000000000000046E8	-7.27285883894747087E3
4.52999999999999936E8	-7.30480839252869707E3
4.54000000000000004E8	-7.33668591775772683E3
4.54999999999999982E8	-7.36849373060333868E3
4.56000000000000050E8	-7.40023423462632302E3
4.57000000000000028E8	-7.43190991114537347E3
4.58000000000000007E8	-7.46352331601431196E3
4.58999999999999986E8	-7.49507708320794297E3
4.59999999999999964E8	-7.52657392777944345E3
4.61000000000000032E8	-7.55801664020948483E3
4.62000000000000011E8	-7.58940807161615805E3
4.62999999999999989E8	-7.62075112677322153E3
4.63999999999999968E8	-7.65204877737654066E3
4.65000000000000036E8	-7.68330408765688766E3
4.66000000000000014E8	-7.71452022781938762E3
4.66999999999999993E8	-7.74570045426702780E3
4.67999999999999972E8	-7.77684807523858268E3
4.68999999999999950E8	-7.80796644807317364E3
4.70000000000000018E8	-7.83905903295112427E3
4.70999999999999996E8	-7.87012946480345210E3
4.72000000000000064E8	-7.90118156953848860E3
4.72999999999999954E8	-7.93221929154289018E3
4.74000000000000021E8	-7.96324660620595903E3
4.75000000000000000E8	-7.99426754107082438E3
4.75999999999999979E8	-8.02528633987664008E3
4.77000000000000046E8	-8.05630763481259571E3
4.77999999999999936E8	-8.08733643400960567E3
4.79000000000000004E8	-8.11837789124889397E3
4.79999999999999982E8	-8.14943709988771658E3
4.81000000000000050E8	-8.18051921767754209E3
4.82000000000000028E8	-8.21162993057165913E3
4.83000000000000007E8	-8.24277583656060919E3
4.83999999999999986E8	-8.27396427386245392E3
4.84999999999999964E8	-8.30520264849019973E3
4.86000000000000032E8	-8.33649799631748145E3
4.87000000000000011E8	-8.36785751535532185E3
4.87999999999999989E8	-8.39928985527372518E3
4.88999999999999968E8	-8.43080588751142912E3
4.90000000000000036E8	-8.46241784320322132E3
4.91000000000000014E8	-8.49413740393270267E3
4.91999999999999993E8	-8.52597500262579366E3
4.92999999999999972E8	-8.55794199288292035E3
4.93999999999999950E8	-8.59005424441496324E3
4.95000000000000018E8	-8.62233315357696384E3
4.95999999999999996E8	-8.65480178454190252E3
4.97000000000000064E8	-8.68747962230628801E3
4.97999999999999954E8	-8.72038323603458387E3
4.99000000000000021E8	-8.75353553068431367E3
5.00000000000000000E8	-8.78697519964190477E3
5.00999999999999979E8	-8.82075318609734715E3
5.02000000000000046E8	-8.85491536000464308E3
5.02999999999999936E8	-8.88949216806449094E3
5.04000000000000004E8	-8.92451890155560257E3
5.04999999999999982E8	-8.96007571045664619E3
5.06000000000000050E8	-8.99629510229367924E3
5.07000000000000028E8	-9.03330374873494257E3
5.08000000000000007E8	-9.07116389705765869E3
5.08999999999999986E8	-9.10994722235899346E3
5.09999999999999964E8	-9.14992812484807061E3
5.11000000000000032E8	-9.19160026224400539E3
5.12000000000000011E8	-9.23530186975581913E3
5.12999999999999989E8	-9.28107456241602158E3
5.13999999999999968E8	-9.32979707314255791E3
5.15000000000000036E8	-9.38398720907270345E3
5.16000000000000014E8	-9.44450301178565432E3
5.16999999999999993E8	-9.51412139905583309E3
5.17999999999999972E8	-9.60026704104168083E3
5.18999999999999950E8	-9.65895082601021926E3
5.20000000000000018E8	-9.69307031896702931E3
5.20999999999999996E8	-9.71750709700819115E3
5.22000000000000064E8	-9.73727801148789318E3
5.22999999999999954E8	-9.75433983800796156E3
5.24000000000000021E8	-9.76964014759110455E3
5.25000000000000000E8	-9.78371227259002652E3
5.25999999999999979E8	-9.79688947105706376E3
5.27000000000000046E8	-9.80939655394298526E3
5.27999999999999936E8	-9.82139441931518320E3
5.29000000000000004E8	-9.83300387730258407E3
5.29999999999999982E8	-9.84431938275837304E3
5.31000000000000050E8	-9.85541743620434829E3
5.32000000000000028E8	-9.86636198331694558E3
5.33000000000000007E8	-9.87720803218053867E3
5.33999999999999986E8	-9.88800416643506352E3
5.34999999999999964E8	-9.89879434747529174E3
5.36000000000000032E8	-9.90961924412621009E3
5.37000000000000011E8	-9.92051723835018784E3
5.37999999999999989E8	-9.93152520184542986E3
5.38999999999999968E8	-9.94267910482817285E3
5.40000000000000036E8	-9.95401449637969726E3
5.41000000000000014E8	-9.96556688112992006E3
5.41999999999999993E8	-9.97737200537535251E3
5.42999999999999972E8	-9.98946605920315278E3
5.43999999999999950E8	-1.00018857932383320E4
5.45000000000000018E8	-1.00146685437197291E4
5.45999999999999996E8	-1.00278521570675894E4
5.47000000000000064E8	-1.00414747990706732E4
5.47999999999999954E8	-1.00555746362244625E4
5.49000000000000021E8	-1.00701893752227933E4
5.50000000000000000E8	-1.00853556534614808E4
5.50999999999999979E8	-1.01011082804437580E4
5.52000000000000046E8	-1.01174793442167887E4
5.52999999999999936E8	-1.01344972141809686E4
5.54000000000000004E8	-1.01521854923981225E4
5.54999999999999982E8	-1.01705619849993534E4
5.56000000000000050E8	-1.01896377822178819E4
5.57000000000000028E8	-1.02094165425334982E4
5.58000000000000007E8	-1.02298940672163452E4
5.58999999999999986E8	-1.02510582323926824E4
5.59999999999999964E8	-1.02728893070376914E4
5.61000000000000032E8	-1.02953606438820233E4
5.62000000000000011E8	-1.03184396855360361E4
5.62999999999999989E8	-1.03420891956564143E4
5.63999999999999968E8	-1.03662686053685249E4
5.65000000000000036E8	-1.03909353652322634E4
5.66000000000000014E8	-1.04160462081481131E4
5.66999999999999993E8	-1.04415582524527406E4
5.67999999999999972E8	-1.04674299061659504E4
5.68999999999999950E8	-1.04936215596961402E4
5.70000000000000018E8	-1.05200960725423198E4
5.70999999999999996E8	-1.05468190710938536E4
5.72000000000000064E8	-1.05737590841384987E4
5.72999999999999954E8	-1.06008875521680968E4
5.74000000000000021E8	-1.06281787502659819E4
5.75000000000000000E8	-1.06556096603868822E4
5.75999999999999979E8	-1.06831598101821523E4
5.77000000000000046E8	-1.07108110773160026E4
5.77999999999999936E8	-1.07385474585261953E4
5.79000000000000004E8	-1.07663548275566368E4
5.79999999999999982E8	-1.07942207206604390E4
5.81000000000000050E8	-1.08221341785397884E4
5.82000000000000028E8	-1.08500856275663837E4
5.83000000000000007E8	-1.08780667448460089E4
5.83999999999999986E8	-1.09060702674443810E4
5.84999999999999964E8	-1.09340897743521337E4
5.86000000000000032E8	-1.09621195272787619E4
5.87000000000000011E8	-1.09901544321210132E4
5.87999999999999989E8	-1.10181900843895386E4
5.88999999999999968E8	-1.10462227726320128E4
5.90000000000000036E8	-1.10742493368418060E4
5.91000000000000014E8	-1.11022669173961597E4
5.91999999999999993E8	-1.11302727670387069E4
5.92999999999999972E8	-1.11582642786712460E4
5.93999999999999950E8	-1.11862392026140811E4
5.95000000000000018E8	-1.12141958309880097E4
5.95999999999999996E8	-1.12421329176122420E4
5.97000000000000064E8	-1.12700493267252111E4
5.97999999999999954E8	-1.12979436799579558E4
5.99000000000000021E8	-1.13258143295106750E4
6.00000000000000000E8	-1.13536597244164938E4


