freq	unwrap(phase(S(2,1)))
1.00000000000000000E6	-2.20508956120137434E1
2.00000000000000000E6	-4.29506561753726679E1
3.00000000000000000E6	-6.38455408492140730E1
4.00000000000000000E6	-8.47375333452019319E1
5.00000000000000000E6	-1.05627461031598702E2
6.00000000000000000E6	-1.26515870526794361E2
7.00000000000000000E6	-1.47403326665847856E2
8.00000000000000000E6	-1.68290506132168249E2
9.00000000000000000E6	-1.89178184496055124E2
1.00000000000000000E7	-2.10067171311425360E2
1.10000000000000009E7	-2.30958234075208768E2
1.19999999999999996E7	-2.51852040925784770E2
1.30000000000000004E7	-2.72749136140034043E2
1.39999999999999991E7	-2.93649949314098713E2
1.50000000000000000E7	-3.14554829174306061E2
1.60000000000000009E7	-3.35464086143390450E2
1.69999999999999996E7	-3.56378031822926777E2
1.80000000000000004E7	-3.77297005118886153E2
1.89999999999999991E7	-3.98221382559394366E2
2.00000000000000000E7	-4.19151573499439856E2
2.10000000000000009E7	-4.40088005330762666E2
2.20000000000000018E7	-4.61031103922657870E2
2.29999999999999982E7	-4.81981275369101780E2
2.39999999999999991E7	-5.02938894322738861E2
2.50000000000000000E7	-5.23904300658004907E2
2.60000000000000009E7	-5.44877806068390846E2
2.70000000000000018E7	-5.65859709515832687E2
2.79999999999999982E7	-5.86850316913952952E2
2.89999999999999991E7	-6.07849959556519792E2
3.00000000000000000E7	-6.28859003856180543E2
3.10000000000000009E7	-6.49877848261214996E2
3.20000000000000018E7	-6.70906905056016534E2
3.29999999999999982E7	-6.91946573296438139E2
3.39999999999999991E7	-7.12997211277882847E2
3.50000000000000000E7	-7.34059121498443989E2
3.60000000000000009E7	-7.55132557908977997E2
3.70000000000000018E7	-7.76217756086174582E2
3.79999999999999982E7	-7.97314977245335132E2
3.89999999999999991E7	-8.18424546963849053E2
4.00000000000000000E7	-8.39546868786926304E2
4.09999999999999964E7	-8.60682401358302229E2
4.20000000000000018E7	-8.81831602086332644E2
4.29999999999999982E7	-9.02994860019567547E2
4.40000000000000036E7	-9.24172450507092869E2
4.50000000000000000E7	-9.45364538664108167E2
4.59999999999999964E7	-9.66571239704889784E2
4.70000000000000018E7	-9.87792714616406542E2
4.79999999999999982E7	-1.00902925842273450E3
4.90000000000000036E7	-1.03028133197819716E3
5.00000000000000000E7	-1.05154951183230705E3
5.09999999999999964E7	-1.07283436877131666E3
5.20000000000000018E7	-1.09413632791113757E3
5.29999999999999982E7	-1.11545558208170514E3
5.40000000000000036E7	-1.13679211329526142E3
5.50000000000000000E7	-1.15814582940687116E3
5.59999999999999964E7	-1.17951676086743573E3
5.70000000000000018E7	-1.20090522162867464E3
5.79999999999999982E7	-1.22231184217610012E3
5.90000000000000036E7	-1.24373743553276173E3
6.00000000000000000E7	-1.26518274331366642E3
6.09999999999999964E7	-1.28664818118808344E3
6.20000000000000018E7	-1.30813372126147498E3
6.29999999999999982E7	-1.32963899659313434E3
6.40000000000000036E7	-1.35116360339838426E3
6.50000000000000000E7	-1.37270746525240339E3
6.59999999999999964E7	-1.39427106974283488E3
6.70000000000000018E7	-1.41585542850376145E3
6.79999999999999982E7	-1.43746174497444779E3
6.90000000000000036E7	-1.45909092981510691E3
7.00000000000000000E7	-1.48074320965088480E3
7.09999999999999964E7	-1.50241805660425687E3
7.20000000000000018E7	-1.52411452200573772E3
7.29999999999999982E7	-1.54583184396703155E3
7.40000000000000036E7	-1.56757002934303902E3
7.50000000000000000E7	-1.58933008504757156E3
7.59999999999999964E7	-1.61111372421467047E3
7.70000000000000018E7	-1.63292264317402425E3
7.79999999999999982E7	-1.65475771552465645E3
7.90000000000000036E7	-1.67661854025207790E3
8.00000000000000000E7	-1.69850364183519953E3
8.09999999999999964E7	-1.72041129241072355E3
8.19999999999999929E7	-1.74234057267268239E3
8.30000000000000071E7	-1.76429210570565109E3
8.40000000000000036E7	-1.78626801172546901E3
8.50000000000000000E7	-1.80827101724159123E3
8.59999999999999964E7	-1.83030311829952019E3
8.69999999999999929E7	-1.85236449574001227E3
8.80000000000000071E7	-1.87445332607373172E3
8.90000000000000036E7	-1.89656670253001702E3
9.00000000000000000E7	-1.91870227378802771E3
9.09999999999999964E7	-1.94085974949879381E3
9.19999999999999929E7	-1.96304139870015559E3
9.30000000000000071E7	-1.98525114679866954E3
9.40000000000000036E7	-2.00749262966785347E3
9.50000000000000000E7	-2.02976719532962679E3
9.59999999999999964E7	-2.05207299111793962E3
9.69999999999999929E7	-2.07440578685327148E3
9.80000000000000071E7	-2.09676125663496515E3
9.90000000000000036E7	-2.11913755764248446E3
1.00000000000000000E8	-2.14153674110307302E3
1.01000000000000001E8	-2.16396405890439425E3
1.02000000000000002E8	-2.18642534865444027E3
1.03000000000000003E8	-2.20892380279386424E3
1.04000000000000004E8	-2.23145792863620773E3
1.05000000000000004E8	-2.25402202496665449E3
1.06000000000000005E8	-2.27660917687091890E3
1.06999999999999984E8	-2.29921527023614258E3
1.08000000000000007E8	-2.32184175530250680E3
1.09000000000000008E8	-2.34449540989361882E3
1.10000000000000009E8	-2.36718495164550635E3
1.10999999999999988E8	-2.38991616817053565E3
1.11999999999999988E8	-2.41268827371195238E3
1.13000000000000012E8	-2.43549379046000158E3
1.14000000000000012E8	-2.45832241836142673E3
1.14999999999999991E8	-2.48116698316900886E3
1.15999999999999992E8	-2.50402807490261159E3
1.16999999999999993E8	-2.52691447012549508E3
1.18000000000000016E8	-2.54983870698620985E3
1.18999999999999995E8	-2.57280998600308175E3
1.19999999999999996E8	-2.59582835921292032E3
1.20999999999999996E8	-2.61888385595221784E3
1.21999999999999997E8	-2.64196163454693167E3
1.22999999999999998E8	-2.66505062304051421E3
1.23999999999999999E8	-2.68815064553394123E3
1.25000000000000000E8	-2.71127353356956169E3
1.26000000000000001E8	-2.73443704752628003E3
1.27000000000000002E8	-2.75765463341619244E3
1.28000000000000003E8	-2.78092679620615790E3
1.29000000000000004E8	-2.80423956631764559E3
1.30000000000000004E8	-2.82757183461038508E3
1.31000000000000005E8	-2.85090787256620271E3
1.31999999999999984E8	-2.87424759922671758E3
1.33000000000000007E8	-2.89760798741171088E3
1.34000000000000008E8	-2.92101406789858142E3
1.35000000000000009E8	-2.94448414894782573E3
1.35999999999999988E8	-2.96801773907742250E3
1.36999999999999988E8	-2.99159404187782973E3
1.38000000000000012E8	-3.01518325734014647E3
1.39000000000000012E8	-3.03876474808867503E3
1.39999999999999991E8	-3.06234090019168459E3
1.40999999999999992E8	-3.08593752169373570E3
1.41999999999999993E8	-3.10958960843389720E3
1.43000000000000016E8	-3.13332007516482802E3
1.43999999999999995E8	-3.15712394983337497E3
1.44999999999999996E8	-3.18096881869370129E3
1.45999999999999996E8	-3.20481330040485224E3
1.46999999999999997E8	-3.22863316886498364E3
1.47999999999999998E8	-3.25243839144065561E3
1.48999999999999999E8	-3.27626946948479603E3
1.50000000000000000E8	-3.30017413735545029E3
1.51000000000000001E8	-3.32417730350389462E3
1.52000000000000002E8	-3.34826245633967101E3
1.53000000000000003E8	-3.37237835233430072E3
1.54000000000000004E8	-3.39646986318876198E3
1.55000000000000004E8	-3.42051425905681494E3
1.56000000000000005E8	-3.44453865134821857E3
1.56999999999999984E8	-3.46860627456606130E3
1.58000000000000007E8	-3.49277857808228731E3
1.59000000000000008E8	-3.51707464112369994E3
1.60000000000000009E8	-3.54145377242032788E3
1.61000000000000010E8	-3.56583687644261271E3
1.61999999999999988E8	-3.59015691494971279E3
1.63000000000000012E8	-3.61440527081508112E3
1.63999999999999990E8	-3.63864182006083414E3
1.64999999999999991E8	-3.66296100892631316E3
1.66000000000000014E8	-3.68743276215836691E3
1.66999999999999993E8	-3.71205257537767608E3
1.68000000000000016E8	-3.73673584078506948E3
1.68999999999999995E8	-3.76136859899169096E3
1.69999999999999996E8	-3.78588474187459045E3
1.71000000000000019E8	-3.81031500352505370E3
1.71999999999999997E8	-3.83477336698742244E3
1.72999999999999998E8	-3.85938855400194125E3
1.73999999999999977E8	-3.88421873496437930E3
1.75000000000000000E8	-3.90920176413069731E3
1.76000000000000023E8	-3.93418453082345554E3
1.77000000000000002E8	-3.95902448468986723E3
1.78000000000000003E8	-3.98369233845133408E3
1.78999999999999981E8	-4.00830000788337770E3
1.80000000000000004E8	-4.03303626646127800E3
1.81000000000000005E8	-4.05804760605011161E3
1.81999999999999984E8	-4.08332971522895782E3
1.83000000000000007E8	-4.10870773592878002E3
1.83999999999999986E8	-4.13394566461249369E3
1.85000000000000009E8	-4.15891716447292925E3
1.86000000000000010E8	-4.18370384090899261E3
1.86999999999999988E8	-4.20855315068158564E3
1.88000000000000012E8	-4.23372808263003098E3
1.88999999999999990E8	-4.25932572868093029E3
1.89999999999999991E8	-4.28517430625837115E3
1.91000000000000014E8	-4.31092271663222615E3
1.91999999999999993E8	-4.33629712052281135E3
1.93000000000000016E8	-4.36131426729429350E3
1.93999999999999995E8	-4.38628586629418038E3
1.94999999999999996E8	-4.41163477081837652E3
1.96000000000000019E8	-4.43761962303842772E3
1.96999999999999997E8	-4.46409987148767762E3
1.97999999999999998E8	-4.49056166778733079E3
1.98999999999999977E8	-4.51649728245867443E3
2.00000000000000000E8	-4.54181951928696304E3
2.01000000000000023E8	-4.56694388387102990E3
2.02000000000000002E8	-4.59254819855969210E3
2.03000000000000025E8	-4.61915680875848889E3
2.04000000000000004E8	-4.64667632526581365E3
2.04999999999999982E8	-4.67427827510422667E3
2.06000000000000005E8	-4.70103282792254706E3
2.06999999999999984E8	-4.72673789108768094E3
2.08000000000000007E8	-4.75209060084545420E3
2.08999999999999986E8	-4.77829451745451639E3
2.10000000000000009E8	-4.80637660381603204E3
2.11000000000000032E8	-4.83616824015232538E3
2.12000000000000011E8	-4.86587347337211362E3
2.12999999999999989E8	-4.89370918875150807E3
2.13999999999999968E8	-4.91974155539758851E3
2.14999999999999991E8	-4.94580522069686701E3
2.16000000000000014E8	-4.97472798964846774E3
2.16999999999999993E8	-5.00867786299766049E3
2.18000000000000016E8	-5.04494125318450948E3
2.18999999999999995E8	-5.07726171449615027E3
2.20000000000000018E8	-5.10488902978175751E3
2.20999999999999996E8	-5.13331009861870147E3
2.21999999999999975E8	-5.17600744585481376E3
2.22999999999999998E8	-5.23878856861430187E3
2.23999999999999977E8	-5.27775214049956976E3
2.25000000000000000E8	-5.29821008920721770E3
2.26000000000000023E8	-5.31190537904676763E3
2.27000000000000002E8	-5.32261233574087900E3
2.28000000000000025E8	-5.33172027042019536E3
2.29000000000000004E8	-5.33985963901717309E3
2.29999999999999982E8	-5.34736587834766119E3
2.31000000000000005E8	-5.35444024349395953E3
2.31999999999999984E8	-5.36121565970411407E3
2.33000000000000007E8	-5.36778748900828528E3
2.33999999999999986E8	-5.37422959349368501E3
2.35000000000000009E8	-5.38060366030740234E3
2.36000000000000032E8	-5.38696530483946212E3
2.37000000000000011E8	-5.39336873040380738E3
2.37999999999999989E8	-5.39987104608623092E3
2.38999999999999968E8	-5.40653719080944040E3
2.39999999999999991E8	-5.41344666649406658E3
2.41000000000000014E8	-5.42070412806818780E3
2.41999999999999993E8	-5.42845799088391523E3
2.43000000000000016E8	-5.43693662902975028E3
2.43999999999999995E8	-5.44652698017857606E3
2.45000000000000018E8	-5.45796924477773349E3
2.45999999999999996E8	-5.47292379621291225E3
2.46999999999999975E8	-5.49591471045222324E3
2.47999999999999998E8	-5.53928348527662351E3
2.48999999999999977E8	-5.59893844465538670E3
2.50000000000000000E8	-5.63818287325738066E3
2.51000000000000023E8	-5.66660302399908478E3
2.52000000000000002E8	-5.69516579452702665E3
2.53000000000000025E8	-5.72810315541096138E3
2.54000000000000004E8	-5.76366260653987439E3
2.54999999999999982E8	-5.79645033951545674E3
2.56000000000000005E8	-5.82492033714099033E3
2.56999999999999984E8	-5.85118596917624068E3
2.58000000000000007E8	-5.87766195218741050E3
2.58999999999999986E8	-5.90574051822031088E3
2.60000000000000009E8	-5.93518099705751734E3
2.61000000000000032E8	-5.96439020498199479E3
2.62000000000000011E8	-5.99206327552709173E3
2.62999999999999989E8	-6.01823879492564906E3
2.63999999999999968E8	-6.04382210525305474E3
2.64999999999999991E8	-6.06976887218940142E3
2.66000000000000014E8	-6.09653799501446780E3
2.66999999999999993E8	-6.12385559459032525E3
2.68000000000000016E8	-6.15097997804209307E3
2.68999999999999995E8	-6.17734988218200165E3
2.70000000000000018E8	-6.20297144471948503E3
2.70999999999999996E8	-6.22827646319086803E3
2.71999999999999975E8	-6.25376102898226982E3
2.72999999999999998E8	-6.27967934248278148E3
2.73999999999999977E8	-6.30591148122219813E3
2.75000000000000000E8	-6.33208487255500341E3
2.76000000000000023E8	-6.35787576177548441E3
2.77000000000000002E8	-6.38323058627466189E3
2.78000000000000025E8	-6.40834970377833901E3
2.79000000000000004E8	-6.43351418423699606E3
2.79999999999999982E8	-6.45890166552303846E3
2.81000000000000005E8	-6.48448907971896205E3
2.81999999999999984E8	-6.51009190624502843E3
2.83000000000000007E8	-6.53551086283991189E3
2.83999999999999986E8	-6.56066981673107552E3
2.85000000000000009E8	-6.58564526589419330E3
2.86000000000000032E8	-6.61059186833943180E3
2.87000000000000011E8	-6.63563468785048638E3
2.87999999999999989E8	-6.66079628688111747E3
2.88999999999999968E8	-6.68599676256125441E3
2.89999999999999991E8	-6.71112058414979362E3
2.91000000000000014E8	-6.73609818508160352E3
2.91999999999999993E8	-6.76094369367683434E3
2.93000000000000016E8	-6.78573188212974099E3
2.93999999999999995E8	-6.81054174617080754E3
2.95000000000000018E8	-6.83540736956063633E3
2.95999999999999996E8	-6.86030428564664607E3
2.96999999999999975E8	-6.88517489759869683E3
2.97999999999999998E8	-6.90997120947284760E3
2.98999999999999977E8	-6.93468388714502293E3
3.00000000000000000E8	-6.95934109026141545E3
3.01000000000000023E8	-6.98398401288661397E3
3.02000000000000002E8	-7.00863922612978296E3
3.03000000000000025E8	-7.03330550665565557E3
3.04000000000000004E8	-7.05796062594022011E3
3.04999999999999982E8	-7.08258006153345576E3
3.06000000000000005E8	-7.10715318215902414E3
3.06999999999999984E8	-7.13168691464504434E3
3.08000000000000007E8	-7.15619738654028481E3
3.08999999999999986E8	-7.18069780705204419E3
3.10000000000000009E8	-7.20519129876160047E3
3.11000000000000032E8	-7.22967209575936387E3
3.12000000000000011E8	-7.25413218006758331E3
3.12999999999999989E8	-7.27856745833329022E3
3.13999999999999968E8	-7.30297939397425200E3
3.14999999999999991E8	-7.32737231128585620E3
3.16000000000000014E8	-7.35174964106392714E3
3.16999999999999993E8	-7.37611220715776206E3
3.18000000000000016E8	-7.40045917220852978E3
3.18999999999999995E8	-7.42478993615487504E3
3.20000000000000018E8	-7.44910496977391468E3
3.20999999999999996E8	-7.47340512683336122E3
3.22000000000000020E8	-7.49769065931420453E3
3.22999999999999954E8	-7.52196133760820640E3
3.23999999999999977E8	-7.54621767998536619E3
3.25000000000000000E8	-7.57046181864385481E3
3.26000000000000023E8	-7.59469656091354928E3
3.27000000000000046E8	-7.61892292673679350E3
3.27999999999999980E8	-7.64313834603971820E3
3.29000000000000004E8	-7.66733783304849226E3
3.29999999999999982E8	-7.69151822438678057E3
3.31000000000000005E8	-7.71568254595180480E3
3.32000000000000028E8	-7.73984045350363381E3
3.32999999999999963E8	-7.76400296843091109E3
3.33999999999999986E8	-7.78817418666915007E3
3.35000000000000009E8	-7.81234604339593908E3
3.36000000000000032E8	-7.83650145014353505E3
3.37000000000000011E8	-7.86062562420124511E3
3.37999999999999989E8	-7.88471863520646554E3
3.38999999999999968E8	-7.90879963659096585E3
3.39999999999999991E8	-7.93289771811078470E3
3.41000000000000014E8	-7.95703324686586910E3
3.42000000000000037E8	-7.98120135902825290E3
3.42999999999999972E8	-8.00537047062024598E3
3.43999999999999995E8	-8.02950036764114294E3
3.45000000000000018E8	-8.05357019482812930E3
3.45999999999999996E8	-8.07759732747481252E3
3.47000000000000020E8	-8.10163233824179052E3
3.47999999999999954E8	-8.12573012947037476E3
3.48999999999999977E8	-8.14991293698031605E3
3.50000000000000000E8	-8.17414929658474421E3
3.51000000000000023E8	-8.19836766319360422E3
3.52000000000000046E8	-8.22250147813634946E3
3.52999999999999980E8	-8.24653709252810962E3
3.54000000000000004E8	-8.27053063609991668E3
3.54999999999999982E8	-8.29458004455497466E3
3.56000000000000005E8	-8.31876584210247749E3
3.57000000000000028E8	-8.34309388264274432E3
3.57999999999999963E8	-8.36747964026515412E3
3.58999999999999986E8	-8.39179528676122644E3
3.60000000000000009E8	-8.41595522877278945E3
3.61000000000000032E8	-8.43998026447865435E3
3.62000000000000011E8	-8.46399488324258620E3
3.62999999999999989E8	-8.48815789893771111E3
3.63999999999999968E8	-8.51256244934953266E3
3.64999999999999991E8	-8.53716187152119588E3
3.66000000000000014E8	-8.56178113438339317E3
3.67000000000000037E8	-8.58622705093229044E3
3.67999999999999972E8	-8.61042465100794274E3
3.68999999999999995E8	-8.63447781863517250E3
3.70000000000000018E8	-8.65861618815766931E3
3.70999999999999996E8	-8.68306142244267321E3
3.72000000000000020E8	-8.70787786136304121E3
3.72999999999999954E8	-8.73289882351638980E3
3.73999999999999977E8	-8.75781420191966120E3
3.75000000000000000E8	-8.78238679460860894E3
3.76000000000000023E8	-8.80662742579932356E3
3.77000000000000046E8	-8.83079994960480441E3
3.77999999999999980E8	-8.85527227313602694E3
3.79000000000000004E8	-8.88029199658201129E3
3.79999999999999982E8	-8.90578822596484443E3
3.81000000000000005E8	-8.93136122336015781E3
3.82000000000000028E8	-8.95655171624550306E3
3.82999999999999963E8	-8.98119051762420995E3
3.83999999999999986E8	-9.00552504641988527E3
3.85000000000000009E8	-9.03007325502803759E3
3.86000000000000032E8	-9.05532526751618505E3
3.87000000000000011E8	-9.08139782915551663E3
3.87999999999999989E8	-9.10784475255602111E3
3.88999999999999968E8	-9.13392330292198729E3
3.89999999999999991E8	-9.15919273220296049E3
3.91000000000000014E8	-9.18385307707065834E3
3.92000000000000037E8	-9.20860392862786981E3
3.92999999999999972E8	-9.23424490784424634E3
3.93999999999999995E8	-9.26114979117705772E3
3.95000000000000018E8	-9.28881185396804376E3
3.95999999999999996E8	-9.31607705660283258E3
3.97000000000000020E8	-9.34215326106486188E3
3.97999999999999954E8	-9.36726643024915617E3
3.98999999999999977E8	-9.39244480354505562E3
4.00000000000000000E8	-9.41892561152796937E3
4.00999999999999979E8	-9.44734091111520513E3
4.02000000000000046E8	-9.47684718372234158E3
4.02999999999999936E8	-9.50553208201187161E3
4.04000000000000004E8	-9.53233633169423200E3
4.04999999999999982E8	-9.55794166317325633E3
4.06000000000000050E8	-9.58412179365566708E3
4.07000000000000028E8	-9.61276878815712266E3
4.08000000000000007E8	-9.64434557800027825E3
4.08999999999999986E8	-9.67641968677229869E3
4.09999999999999964E8	-9.70596793361013610E3
4.11000000000000032E8	-9.73289404383145929E3
4.12000000000000011E8	-9.75960647264238546E3
4.12999999999999989E8	-9.78943200375669598E3
4.13999999999999968E8	-9.82438348942905293E3
4.15000000000000036E8	-9.86090721677073745E3
4.16000000000000014E8	-9.89316799273778713E3
4.16999999999999993E8	-9.92139671127768175E3
4.17999999999999972E8	-9.95027789312429967E3
4.18999999999999950E8	-9.98607846195660720E3
4.20000000000000018E8	-1.00300338298260217E4
4.20999999999999996E8	-1.00698494797242777E4
4.22000000000000064E8	-1.01014147554674949E4
4.22999999999999954E8	-1.01332746638384386E4
4.24000000000000021E8	-1.01792118697198175E4
4.25000000000000000E8	-1.02363426026851267E4
4.25999999999999979E8	-1.02771477334809580E4
4.27000000000000046E8	-1.03151426352076703E4
4.27999999999999936E8	-1.03869629491897331E4
4.29000000000000004E8	-1.04533683321370563E4
4.29999999999999982E8	-1.05223075020253765E4
4.31000000000000050E8	-1.06182013404139530E4
4.32000000000000028E8	-1.06418921631896124E4
4.33000000000000007E8	-1.06536443847957218E4
4.33999999999999986E8	-1.06618522323938869E4
4.34999999999999964E8	-1.06683955569195388E4
4.36000000000000032E8	-1.06739687183332954E4
4.37000000000000011E8	-1.06789025785868330E4
4.37999999999999989E8	-1.06833808032794719E4
4.38999999999999968E8	-1.06875162480663355E4
4.40000000000000036E8	-1.06913834648251482E4
4.41000000000000014E8	-1.06950344445482637E4
4.41999999999999993E8	-1.06985070031475749E4
4.42999999999999972E8	-1.07018295870889690E4
4.43999999999999950E8	-1.07050241916484001E4
4.45000000000000018E8	-1.07081082184934617E4
4.45999999999999996E8	-1.07110957052808975E4
4.47000000000000064E8	-1.07139981663117623E4
4.47999999999999954E8	-1.07168251847688190E4
4.49000000000000021E8	-1.07195848388847170E4
4.50000000000000000E8	-1.07222840161079747E4
4.50999999999999979E8	-1.07249286487511708E4
4.52000000000000046E8	-1.07275238937670148E4
4.52999999999999936E8	-1.07300742719640807E4
4.54000000000000004E8	-1.07325837772798249E4
4.54999999999999982E8	-1.07350559636081444E4
4.56000000000000050E8	-1.07374940145744491E4
4.57000000000000028E8	-1.07399008001915974E4
4.58000000000000007E8	-1.07422789233087501E4
4.58999999999999986E8	-1.07446307580430211E4
4.59999999999999964E8	-1.07469584818476194E4
4.61000000000000032E8	-1.07492641024954305E4
4.62000000000000011E8	-1.07515494809649081E4
4.62999999999999989E8	-1.07538163510026763E4
4.63999999999999968E8	-1.07560663359330499E4
4.65000000000000036E8	-1.07583009634758886E4
4.66000000000000014E8	-1.07605216782854818E4
4.66999999999999993E8	-1.07627298534434845E4
4.67999999999999972E8	-1.07649268004864274E4
4.68999999999999950E8	-1.07671137784612259E4
4.70000000000000018E8	-1.07692920021476324E4
4.70999999999999996E8	-1.07714626496040777E4
4.72000000000000064E8	-1.07736268691739134E4
4.72999999999999954E8	-1.07757857860692496E4
4.74000000000000021E8	-1.07779405086408842E4
4.75000000000000000E8	-1.07800921344306411E4
4.75999999999999979E8	-1.07822417560980632E4
4.77000000000000046E8	-1.07843904673097568E4
4.77999999999999936E8	-1.07865393686788269E4
4.79000000000000004E8	-1.07886895738429489E4
4.79999999999999982E8	-1.07908422157752604E4
4.81000000000000050E8	-1.07929984534278822E4
4.82000000000000028E8	-1.07951594788193250E4
4.83000000000000007E8	-1.07973265246902672E4
4.83999999999999986E8	-1.07995008728710817E4
4.84999999999999964E8	-1.08016838635266210E4
4.86000000000000032E8	-1.08038769054772965E4
4.87000000000000011E8	-1.08060814878299527E4
4.87999999999999989E8	-1.08082991932057437E4
4.88999999999999968E8	-1.08105317129111089E4
4.90000000000000036E8	-1.08127808644850432E4
4.91000000000000014E8	-1.08150486121546052E4
4.91999999999999993E8	-1.08173370908750943E4
4.92999999999999972E8	-1.08196486348062759E4
4.93999999999999950E8	-1.08219858113199585E4
4.95000000000000018E8	-1.08243514619513137E4
4.95999999999999996E8	-1.08267487521460626E4
4.97000000000000064E8	-1.08291812322440140E4
4.97999999999999954E8	-1.08316529129720274E4
4.99000000000000021E8	-1.08341683598749450E4
5.00000000000000000E8	-1.08367328127792062E4
5.00999999999999979E8	-1.08393523387874535E4
5.02000000000000046E8	-1.08420340308750185E4
5.02999999999999936E8	-1.08447862695467689E4
5.04000000000000004E8	-1.08476190732762268E4
5.04999999999999982E8	-1.08505445769530029E4
5.06000000000000050E8	-1.08535776980558607E4
5.07000000000000028E8	-1.08567370879533653E4
5.08000000000000007E8	-1.08600465270787128E4
5.08999999999999986E8	-1.08635370381516139E4
5.09999999999999964E8	-1.08672502099541890E4
5.11000000000000032E8	-1.08712436666115608E4
5.12000000000000011E8	-1.08756005767689246E4
5.12999999999999989E8	-1.08804473618093622E4
5.13999999999999968E8	-1.08859897085811141E4
5.15000000000000036E8	-1.08925949120129495E4
5.16000000000000014E8	-1.09010136271342040E4
5.16999999999999993E8	-1.09131421203224521E4
5.17999999999999972E8	-1.09358841106120575E4
5.18999999999999950E8	-1.10046911607525955E4
5.20000000000000018E8	-1.10856706833893992E4
5.20999999999999996E8	-1.11535027421638899E4
5.22000000000000064E8	-1.12263901131398813E4
5.22999999999999954E8	-1.12682099980618866E4
5.24000000000000021E8	-1.13150181513707593E4
5.25000000000000000E8	-1.13767611085994069E4
5.25999999999999979E8	-1.14198674821268797E4
5.27000000000000046E8	-1.14518773465260226E4
5.27999999999999936E8	-1.14893152410486632E4
5.29000000000000004E8	-1.15388256354225027E4
5.29999999999999982E8	-1.15822825317334610E4
5.31000000000000050E8	-1.16136174005962323E4
5.32000000000000028E8	-1.16424039573384519E4
5.33000000000000007E8	-1.16770217695928169E4
5.33999999999999986E8	-1.17195146669363170E4
5.34999999999999964E8	-1.17585749437883047E4
5.36000000000000032E8	-1.17889603170772106E4
5.37000000000000011E8	-1.18159220984361268E4
5.37999999999999989E8	-1.18453506204508319E4
5.38999999999999968E8	-1.18809202514197021E4
5.40000000000000036E8	-1.19189835898016550E4
5.41000000000000014E8	-1.19519066846237676E4
5.41999999999999993E8	-1.19794555229193422E4
5.42999999999999972E8	-1.20056902071077642E4
5.43999999999999950E8	-1.20346153970703384E4
5.45000000000000018E8	-1.20681599986513133E4
5.45999999999999996E8	-1.21030847702759869E4
5.47000000000000064E8	-1.21342279974594280E4
5.47999999999999954E8	-1.21612576705371511E4
5.49000000000000021E8	-1.21870261406464975E4
5.50000000000000000E8	-1.22146138252326075E4
5.50999999999999979E8	-1.22457512113183986E4
5.52000000000000046E8	-1.22787441985738655E4
5.52999999999999936E8	-1.23096221435699205E4
5.54000000000000004E8	-1.23370268800434557E4
5.54999999999999982E8	-1.23626437034165559E4
5.56000000000000050E8	-1.23889523660626244E4
5.57000000000000028E8	-1.24178172753635896E4
5.58000000000000007E8	-1.24490298500658025E4
5.58999999999999986E8	-1.24798926373132524E4
5.59999999999999964E8	-1.25081619274243394E4
5.61000000000000032E8	-1.25341785618823742E4
5.62000000000000011E8	-1.25597547603683535E4
5.62999999999999989E8	-1.25867552412487216E4
5.63999999999999968E8	-1.26160060182498301E4
5.65000000000000036E8	-1.26463383011298647E4
5.66000000000000014E8	-1.26754673722042210E4
5.66999999999999993E8	-1.27024085952348331E4
5.67999999999999972E8	-1.27280079090128795E4
5.68999999999999950E8	-1.27538492022357253E4
5.70000000000000018E8	-1.27812395520136457E4
5.70999999999999996E8	-1.28103132514366957E4
5.72000000000000064E8	-1.28396755543894869E4
5.72999999999999954E8	-1.28676765665828730E4
5.74000000000000021E8	-1.28939859095798082E4
5.75000000000000000E8	-1.29195337424367596E4
5.75999999999999979E8	-1.29456242614408934E4
5.77000000000000046E8	-1.29731266389314648E4
5.77999999999999936E8	-1.30018055014540201E4
5.79000000000000004E8	-1.30303707056387852E4
5.79999999999999982E8	-1.30576784852515138E4
5.81000000000000050E8	-1.30837075349223086E4
5.82000000000000028E8	-1.31093263512315072E4
5.83000000000000007E8	-1.31355785513713497E4
5.83999999999999986E8	-1.31630206187132304E4
5.84999999999999964E8	-1.31912643436539101E4
5.86000000000000032E8	-1.32192258575028920E4
5.87000000000000011E8	-1.32461127783033050E4
5.87999999999999989E8	-1.32720366916356958E4
5.88999999999999968E8	-1.32977542553320349E4
5.90000000000000036E8	-1.33240855474518272E4
5.91000000000000014E8	-1.33513779182683456E4
5.91999999999999993E8	-1.33792143312322254E4
5.92999999999999972E8	-1.34067256417066760E4
5.93999999999999950E8	-1.34333562478704738E4
5.95000000000000018E8	-1.34592612653810351E4
5.95999999999999996E8	-1.34850716745170529E4
5.97000000000000064E8	-1.35114220657780448E4
5.97999999999999954E8	-1.35385261879581087E4
5.99000000000000021E8	-1.35660017923703147E4
6.00000000000000000E8	-1.35931730294534114E4


