freq	unwrap(phase(fs(V_import_4,0Hz, 600MHz,2000,,,,0 nsec,250nsec)))-unwrap(phase(fs(V_import_3,0Hz, 600MHz,2000,,,,0 nsec,250nsec)))
0.00000000000000000E0	1.34204077112076958E-11
3.00150075037518782E5	-6.56958242709350682E0
6.00300150075037564E5	-1.31558964861813621E1
9.00450225112556168E5	-1.97753639665748437E1
1.20060030015007513E6	-2.64437463834157338E1
1.50075037518759391E6	-3.31757158683434250E1
1.80090045022511225E6	-3.99843139674447912E1
2.10105052526263147E6	-4.68802776148121580E1
2.40120060030015026E6	-5.38712303672981285E1
2.70135067533766859E6	-6.09607699422946769E1
3.00150075037518782E6	-6.81475252119089880E1
3.30165082541270616E6	-7.54243110463759781E1
3.60180090045022450E6	-8.27775569949903733E1
3.90195097548774328E6	-9.01872164728778891E1
4.20210105052526295E6	-9.76273459014331380E1
4.50225112556278084E6	-1.05067464032987146E2
4.80240120060030051E6	-1.12474666220025799E2
5.10255127563781841E6	-1.19816297532178417E2
5.40270135067533719E6	-1.27062844774050676E2
5.70285142571285597E6	-1.34190640174999398E2
6.00300150075037564E6	-1.41184002431592437E2
6.30315157578789353E6	-1.48036561703195790E2
6.60330165082541232E6	-1.54751677223814310E2
6.90345172586293199E6	-1.61341995676550054E2
7.20360180090044899E6	-1.67828297599984810E2
7.50375187593796955E6	-1.74237812001718417E2
7.80390195097548656E6	-1.80602175619655769E2
8.10405202601300800E6	-1.86955184611322700E2
8.40420210105052590E6	-1.93330459558967394E2
8.70435217608804557E6	-1.99759127962294092E2
9.00450225112556168E6	-2.06267628372228629E2
9.30465232616308313E6	-2.12875755828319146E2
9.60480240120060103E6	-2.19595090999450049E2
9.90495247623811892E6	-2.26427976821200527E2
1.02051025512756377E7	-2.33367201942617353E2
1.05052526263131552E7	-2.40396512508184568E2
1.08054027013506748E7	-2.47491977835367427E2
1.11055527763881945E7	-2.54624109398983700E2
1.14057028514257119E7	-2.61760490908399657E2
1.17058529264632316E7	-2.68868575747108318E2
1.20060030015007513E7	-2.75918284275784043E2
1.23061530765382687E7	-2.82884094938584862E2
1.26063031515757862E7	-2.89746448918059230E2
1.29064532266133059E7	-2.96492437006028009E2
1.32066033016508255E7	-3.03115855652047017E2
1.35067533766883452E7	-3.09616790595712610E2
1.38069034517258649E7	-3.16000905056737791E2
1.41070535267633801E7	-3.22278585374500182E2
1.44072036018008975E7	-3.28464059392541952E2
1.47073536768384172E7	-3.34574552874588127E2
1.50075037518759391E7	-3.40629516053077674E2
1.53076538269134566E7	-3.46649920727000005E2
1.56078039019509740E7	-3.52657613461117725E2
1.59079539769884981E7	-3.58674699870750313E2
1.62081040520260156E7	-3.64722933477816991E2
1.65082541270635308E7	-3.70823084456049656E2
1.68084042021010527E7	-3.76994269852330177E2
1.71085542771385701E7	-3.83253234846172219E2
1.74087043521760920E7	-3.89613590143860389E2
1.77088544272136050E7	-3.96085023753932797E2
1.80090045022511225E7	-4.02672530931405337E2
1.83091545772886422E7	-4.09375726591103817E2
1.86093046523261663E7	-4.16188331049490845E2
1.89094547273636771E7	-4.23097939235344001E2
1.92096048024012012E7	-4.30086187401216158E2
1.95097548774387164E7	-4.37129412740778900E2
1.98099049524762383E7	-4.44199852519342819E2
2.01100550275137602E7	-4.51267351346383627E2
2.04102051025512754E7	-4.58301452358599715E2
2.07103551775887951E7	-4.65273664044057789E2
2.10105052526263103E7	-4.72159644863991712E2
2.13106553276638344E7	-4.78941053313446297E2
2.16108054027013496E7	-4.85606863538562106E2
2.19109554777388738E7	-4.92154039365817830E2
2.22111055527763890E7	-4.98587554351467244E2
2.25112556278139042E7	-5.04919823960440262E2
2.28114057028514239E7	-5.11169665682201835E2
2.31115557778889436E7	-5.17360918397518166E2
2.34117058529264632E7	-5.23520846897238012E2
2.37118559279639785E7	-5.29678439805258527E2
2.40120060030015026E7	-5.35862687066960675E2
2.43121560780390222E7	-5.42100906791613024E2
2.46123061530765375E7	-5.48417182231436140E2
2.49124562281140616E7	-5.54830966224135835E2
2.52126063031515724E7	-5.61355919581087726E2
2.55127563781890920E7	-5.67999053767731965E2
2.58129064532266117E7	-5.74760261177229914E2
2.61130565282641269E7	-5.81632306942596156E2
2.64132066033016510E7	-5.88601333825759898E2
2.67133566783391707E7	-5.95647885055836124E2
2.70135067533766904E7	-6.02748381680900014E2
2.73136568284142056E7	-6.09876919549046992E2
2.76138069034517297E7	-6.17007194901903766E2
2.79139569784892450E7	-6.24114344107442420E2
2.82141070535267602E7	-6.31176504802918892E2
2.85142571285642799E7	-6.38175964923020178E2
2.88144072036017951E7	-6.45099841972204313E2
2.91145572786393236E7	-6.51940312902421670E2
2.94147073536768344E7	-6.58694466905109977E2
2.97148574287143585E7	-6.65363884896540014E2
3.00150075037518782E7	-6.71954050875084441E2
3.03151575787893934E7	-6.78473685248854252E2
3.06153076538269131E7	-6.84934068119679029E2
3.09154577288644328E7	-6.91348393796188532E2
3.12156078039019480E7	-6.97731176290254496E2
3.15157578789394677E7	-7.04097709010173567E2
3.18159079539769962E7	-7.10463568822249680E2
3.21160580290145026E7	-7.16844148272190473E2
3.24162081040520311E7	-7.23254197588335934E2
3.27163581790895375E7	-7.29707356884703984E2
3.30165082541270616E7	-7.36215666913224442E2
3.33166583291645813E7	-7.42789049727403228E2
3.36168084042021054E7	-7.49434769721774963E2
3.39169584792396250E7	-7.56156897630776559E2
3.42171085542771403E7	-7.62955821525060429E2
3.45172586293146555E7	-7.69827869606515236E2
3.48174087043521840E7	-7.76765122596502788E2
3.51175587793897037E7	-7.83755498632477021E2
3.54177088544272101E7	-7.90783176876129978E2
3.57178589294647253E7	-7.97829392038083540E2
3.60180090045022450E7	-8.04873575850714218E2
3.63181590795397691E7	-8.11894761263764231E2
3.66183091545772843E7	-8.18873109415342704E2
3.69184592296148040E7	-8.25791389573245382E2
3.72186093046523325E7	-8.32636247147376096E2
3.75187593796898478E7	-8.39399127255317978E2
3.78189094547273541E7	-8.46076781383546539E2
3.81190595297648827E7	-8.52671343175925678E2
3.84192096048024023E7	-8.59190013230937666E2
3.87193596798399176E7	-8.65644424662565726E2
3.90195097548774328E7	-8.72049775996409515E2
3.93196598299149525E7	-8.78423817404398299E2
3.96198099049524766E7	-8.84785764195483182E2
3.99199599799899918E7	-8.91155199385808849E2
4.02201100550275203E7	-8.97551011922109687E2
4.05202601300650400E7	-9.03990408870342854E2
4.08204102051025508E7	-9.10488031264822339E2
4.11205602801400705E7	-9.17055204456608841E2
4.14207103551775901E7	-9.23699348887599037E2
4.17208604302151009E7	-9.30423585124129104E2
4.20210105052526206E7	-9.37226562175262323E2
4.23211605802901403E7	-9.44102535205655258E2
4.26213106553276688E7	-9.51041708155116439E2
4.29214607303651796E7	-9.58030835978556716E2
4.32216108054026993E7	-9.65054056229746848E2
4.35217608804402278E7	-9.72093892804744719E2
4.38219109554777475E7	-9.79132349872154073E2
4.41220610305152494E7	-9.86152003303450719E2
4.44222111055527780E7	-9.93136996814206441E2
4.47223611805902976E7	-1.00007386823382172E3
4.50225112556278084E7	-1.00695215564028695E3
4.53226613306653370E7	-1.01376476651382252E3
4.56228114057028478E7	-1.02050811740736291E3
4.59229614807403586E7	-1.02718207564750985E3
4.62231115557778871E7	-1.03378974272648039E3
4.65232616308154157E7	-1.04033712341210061E3
4.68234117058529264E7	-1.04683271839828551E3
4.71235617808904284E7	-1.05328707096006524E3
4.74237118559279569E7	-1.05971228781394311E3
4.77238619309654855E7	-1.06612154637772560E3
4.80240120060030051E7	-1.07252859227453845E3
4.83241620810405159E7	-1.07894722706135271E3
4.86243121560780445E7	-1.08539078522924326E3
4.89244622311155553E7	-1.09187159981285853E3
4.92246123061530749E7	-1.09840046166108984E3
4.95247623811905946E7	-1.10498608505164353E3
4.98249124562281231E7	-1.11163460290642013E3
5.01250625312656339E7	-1.11834912711790291E3
5.04252126063031447E7	-1.12512941955804502E3
5.07253626813406733E7	-1.13197172773228694E3
5.10255127563781841E7	-1.13886883621551105E3
5.13256628314157037E7	-1.14581037299196686E3
5.16258129064532234E7	-1.15278338524756618E3
5.19259629814907520E7	-1.15977316218135185E3
5.22261130565282539E7	-1.16676424515223776E3
5.25262631315657735E7	-1.17374152979959900E3
5.28264132066033021E7	-1.18069134748830273E3
5.31265632816408306E7	-1.18760241190481541E3
5.34267133566783414E7	-1.19446654011442699E3
5.37268634317158433E7	-1.20127908852808174E3
5.40270135067533808E7	-1.20803908702761675E3
5.43271635817908827E7	-1.21474908859661168E3
5.46273136568284112E7	-1.22141477729658843E3
5.49274637318659398E7	-1.22804439289725420E3
5.52276138069034594E7	-1.23464803243711740E3
5.55277638819409702E7	-1.24123688648525210E3
5.58279139569784899E7	-1.24782246031734911E3
5.61280640320160096E7	-1.25441582372910143E3
5.64282141070535204E7	-1.26102692559479523E3
5.67283641820910489E7	-1.26766400506483268E3
5.70285142571285597E7	-1.27433312806491617E3
5.73286643321660794E7	-1.28103787160509164E3
5.76288144072035902E7	-1.28777917530711217E3
5.79289644822411187E7	-1.29455536822809125E3
5.82291145572786473E7	-1.30136236942731598E3
5.85292646323161581E7	-1.30819404762997960E3
5.88294147073536688E7	-1.31504271053267097E3
5.91295647823911885E7	-1.32189968258592394E3
5.94297148574287171E7	-1.32875592276543175E3
5.97298649324662279E7	-1.33560263198385387E3
6.00300150075037564E7	-1.34243180416010377E3
6.03301650825412672E7	-1.34923668625033266E3
6.06303151575787869E7	-1.35601212318962716E3
6.09304652326163154E7	-1.36275478065800781E3
6.12306153076538262E7	-1.36946324814186182E3
6.15307653826913459E7	-1.37613803410763635E3
6.18309154577288655E7	-1.38278147148982633E3
6.21310655327663763E7	-1.38939754978616525E3
6.24312156078038960E7	-1.39599169216960961E3
6.27313656828414246E7	-1.40257049022019342E3
6.30315157578789353E7	-1.40914140770838059E3
6.33316658329164461E7	-1.41571246018450747E3
6.36318159079539925E7	-1.42229187616146602E3
6.39319659829914855E7	-1.42888774444747635E3
6.42321160580290051E7	-1.43550765405284730E3
6.45322661330665248E7	-1.44215833415846451E3
6.48324162081040622E7	-1.44884530576281723E3
6.51325662831415730E7	-1.45557256149963843E3
6.54327163581790749E7	-1.46234229226592349E3
6.57328664332166035E7	-1.46915468503552527E3
6.60330165082541232E7	-1.47600781419321647E3
6.63331665832916606E7	-1.48289764759341081E3
6.66333166583291625E7	-1.48981818379246356E3
6.69334667333666822E7	-1.49676172309095645E3
6.72336168084042107E7	-1.50371926511403542E3
6.75337668834417126E7	-1.51068100899438673E3
6.78339169584792501E7	-1.51763692034501974E3
6.81340670335167431E7	-1.52457731962215148E3
6.84342171085542805E7	-1.53149344485526906E3
6.87343671835917824E7	-1.53837794278363882E3
6.90345172586293110E7	-1.54522525491490326E3
6.93346673336668307E7	-1.55203187547379717E3
6.96348174087043681E7	-1.55879647281279232E3
6.99349674837418611E7	-1.56551988006939613E3
7.02351175587794074E7	-1.57220496742371330E3
7.05352676338169182E7	-1.57885641801467536E3
7.08354177088544201E7	-1.58548042952872104E3
7.11355677838919576E7	-1.59208436587842983E3
7.14357178589294506E7	-1.59867638013362190E3
7.17358679339669969E7	-1.60526502834769325E3
7.20360180090044899E7	-1.61185889083552714E3
7.23361680840420185E7	-1.61846621480857422E3
7.26363181590795381E7	-1.62509458980091681E3
7.29364682341170578E7	-1.63175066509071343E3
7.32366183091545686E7	-1.63843991628643160E3
7.35367683841920883E7	-1.64516646643687348E3
7.38369184592296079E7	-1.65193296456901928E3
7.41370685342671187E7	-1.65874052461632138E3
7.44372186093046651E7	-1.66558872338089126E3
7.47373686843421758E7	-1.67247565607875304E3
7.50375187593796955E7	-1.67939804668387005E3
7.53376688344172152E7	-1.68635140772347003E3
7.56378189094547082E7	-1.69333024286519462E3
7.59379689844922456E7	-1.70032828452376239E3
7.62381190595297653E7	-1.70733875726883788E3
7.65382691345672850E7	-1.71435465647708396E3
7.68384192096048046E7	-1.72136903225128957E3
7.71385692846423154E7	-1.72837526577880785E3
7.74387193596798351E7	-1.73536732872058908E3
7.77388694347173725E7	-1.74234001362304580E3
7.80390195097548656E7	-1.74928912754069477E3
7.83391695847923764E7	-1.75621163882579401E3
7.86393196598299049E7	-1.76310577224316067E3
7.89394697348674335E7	-1.76997104656369575E3
7.92396198099049531E7	-1.77680825305824142E3
7.95397698849424906E7	-1.78361937382869407E3
7.98399199599799836E7	-1.79040744225825676E3
8.01400700350174944E7	-1.79717635015961541E3
8.04402201100550407E7	-1.80393060910821346E3
8.07403701850925337E7	-1.81067507652163107E3
8.10405202601300800E7	-1.81741466019502274E3
8.13406703351675731E7	-1.82415401796391263E3
8.16408204102051016E7	-1.83089727163370464E3
8.19409704852426124E7	-1.83764775496979382E3
8.22411205602801409E7	-1.84440781713217139E3
8.25412706353176517E7	-1.85117869723317163E3
8.28414207103551803E7	-1.85796048518980506E3
8.31415707853926911E7	-1.86475217248877456E3
8.34417208604302019E7	-1.87155179360327351E3
8.37418709354677482E7	-1.87835664510852385E3
8.40420210105052412E7	-1.88516356434215138E3
8.43421710855427875E7	-1.89196924244835674E3
8.46423211605802805E7	-1.89877054372352494E3
8.49424712356178091E7	-1.90556480354970215E3
8.52426213106553377E7	-1.91235008078898838E3
8.55427713856928484E7	-1.91912534663361223E3
8.58429214607303592E7	-1.92589059862353951E3
8.61430715357678523E7	-1.93264689795676281E3
8.64432216108053986E7	-1.93939633169268921E3
8.67433716858429094E7	-1.94614190978493129E3
8.70435217608804557E7	-1.95288740875780542E3
8.73436718359179665E7	-1.95963717533713799E3
8.76438219109554950E7	-1.96639590526764896E3
8.79439719859930236E7	-1.97316841031638290E3
8.82441220610304988E7	-1.97995938604803756E3
8.85442721360680274E7	-1.98677319076197345E3
8.88444222111055559E7	-1.99361364430391030E3
8.91445722861430490E7	-2.00048385201079038E3
8.94447223611805953E7	-2.00738605947048887E3
8.97448724362181061E7	-2.01432153875217024E3
9.00450225112556168E7	-2.02129050709675839E3
9.03451725862931632E7	-2.02829207860774030E3
9.06453226613306740E7	-2.03532424612230534E3
9.09454727363681670E7	-2.04238389394831676E3
9.12456228114056955E7	-2.04946684060825346E3
9.15457728864432063E7	-2.05656791209691869E3
9.18459229614807171E7	-2.06368104876719194E3
9.21460730365182634E7	-2.07079944751675304E3
9.24462231115557742E7	-2.07791574263663792E3
9.27463731865933028E7	-2.08502222713113827E3
9.30465232616308313E7	-2.09211111468574540E3
9.33466733366683243E7	-2.09917483795873006E3
9.36468234117058529E7	-2.10620637740914507E3
9.39469734867433814E7	-2.11319960651877903E3
9.42471235617808567E7	-2.12014963934875933E3
9.45472736368184385E7	-2.12705315822676377E3
9.48474237118559138E7	-2.13390870085311857E3
9.51475737868934424E7	-2.14071688243682567E3
9.54477238619309709E7	-2.14748053173658127E3
9.57478739369684817E7	-2.15420472104308436E3
9.60480240120060103E7	-2.16089667566471633E3
9.63481740870435210E7	-2.16756555430115494E3
9.66483241620810318E7	-2.17422209921793197E3
9.69484742371185249E7	-2.18087816414341829E3
9.72486243121560889E7	-2.18754613644102447E3
9.75487743871935820E7	-2.19423828133414123E3
9.78489244622311105E7	-2.20096604512569316E3
9.81490745372686213E7	-2.20773936165415829E3
9.84492246123061499E7	-2.21456601567860556E3
9.87493746873436784E7	-2.22145111527048567E3
9.90495247623811892E7	-2.22839672640686803E3
9.93496748374186822E7	-2.23540171075857996E3
9.96498249124562463E7	-2.24246179438268811E3
9.99499749874937393E7	-2.24956986920177027E3
1.00250125062531259E8	-2.25671650758555042E3
1.00550275137568801E8	-2.26389064178982924E3
1.00850425212606298E8	-2.27108034235449008E3
1.01150575287643818E8	-2.27827361930846273E3
1.01450725362681338E8	-2.28545917093060114E3
1.01750875437718835E8	-2.29262701925236234E3
1.02051025512756377E8	-2.29976898923565010E3
1.02351175587793874E8	-2.30687901549901042E3
1.02651325662831416E8	-2.31395327661847094E3
1.02951475737868958E8	-2.32099017788711537E3
1.03251625812906456E8	-2.32799021037037113E3
1.03551775887943975E8	-2.33495571739848007E3
1.03851925962981495E8	-2.34189059971997349E3
1.04152076038018992E8	-2.34879998482219365E3
1.04452226113056512E8	-2.35568988176355365E3
1.04752376188094054E8	-2.36256683764025777E3
1.05052526263131552E8	-2.36943760824513339E3
1.05352676338169093E8	-2.37630885168195682E3
1.05652826413206613E8	-2.38318685340815284E3
1.05952976488244111E8	-2.39007728797801411E3
1.06253126563281652E8	-2.39698502282824677E3
1.06553276638319172E8	-2.40391396813253921E3
1.06853426713356692E8	-2.41086697361133773E3
1.07153576788394211E8	-2.41784577401669853E3
1.07453726863431687E8	-2.42485098078646599E3
1.07753876938469206E8	-2.43188211811549237E3
1.08054027013506770E8	-2.43893769990883724E3
1.08354177088544268E8	-2.44601534314734659E3
1.08654327163581765E8	-2.45311191679388196E3
1.08954477238619307E8	-2.46022372332971395E3
1.09254627313656827E8	-2.46734671331260458E3
1.09554777388694369E8	-2.47447673210860364E3
1.09854927463731888E8	-2.48160979875183996E3
1.10155077538769364E8	-2.48874241140052899E3
1.10455227613806928E8	-2.49587187254714582E3
1.10755377688844403E8	-2.50299661476556201E3
1.11055527763881945E8	-2.51011650422126431E3
1.11355677838919442E8	-2.51723308638885523E3
1.11655827913956984E8	-2.52434973362246584E3
1.11955977988994482E8	-2.53147164918409606E3
1.12256128064032024E8	-2.53860568676952969E3
1.12556278139069521E8	-2.54575995706943070E3
1.12856428214107041E8	-2.55294321659020795E3
1.13156578289144583E8	-2.56016406829773491E3
1.13456728364182102E8	-2.56743004341087389E3
1.13756878439219622E8	-2.57474667542359725E3
1.14057028514257119E8	-2.58211670518516367E3
1.14357178589294639E8	-2.58953956326913604E3
1.14657328664332159E8	-2.59701125396607679E3
1.14957478739369678E8	-2.60452470634679889E3
1.15257628814407176E8	-2.61207058411946935E3
1.15557778889444718E8	-2.61963845922709604E3
1.15857928964482237E8	-2.62721819444556459E3
1.16158079039519779E8	-2.63480135153672856E3
1.16458229114557299E8	-2.64238246100306240E3
1.16758379189594796E8	-2.64996004437138222E3
1.17058529264632316E8	-2.65753735509603350E3
1.17358679339669836E8	-2.66512288196377822E3
1.17658829414707333E8	-2.67273072254428534E3
1.17958979489744875E8	-2.68038099443056499E3
1.18259129564782373E8	-2.68810050184066451E3
1.18559279639819892E8	-2.69592395887089742E3
1.18859429714857434E8	-2.70389621078573050E3
1.19159579789894954E8	-2.71207618487406332E3
1.19459729864932451E8	-2.72054389114317008E3
1.19759879939969993E8	-2.72941306236274039E3
1.20060030015007513E8	-2.73885492415772358E3
1.20360180090045032E8	-2.74914581951995673E3
1.20660330165082530E8	-2.76077163205543652E3
1.20960480240120050E8	-2.77468777708939562E3
1.21260630315157569E8	-2.79309701082201300E3
1.21560780390195089E8	-2.82246676568906096E3
1.21860930465232631E8	-2.88514833444003571E3
1.22161080540270151E8	-2.97356453912668339E3
1.22461230615307648E8	-3.03443079591285692E3
1.22761380690345168E8	-3.07521865091085456E3
1.23061530765382687E8	-3.10132409940869325E3
1.23361680840420229E8	-3.11954434280530801E3
1.23661830915457727E8	-3.13370335918317444E3
1.23961980990495246E8	-3.14560388213356035E3
1.24262131065532744E8	-3.15613492330791479E3
1.24562281140570308E8	-3.16577141825412323E3
1.24862431215607783E8	-3.17478736770272763E3
1.25162581290645303E8	-3.18335231764678772E3
1.25462731365682845E8	-3.19157832066262115E3
1.25762881440720364E8	-3.19954430822022173E3
1.26063031515757862E8	-3.20730939005745208E3
1.26363181590795404E8	-3.21492036576579565E3
1.26663331665832901E8	-3.22241603640783847E3
1.26963481740870465E8	-3.22982966189292409E3
1.27263631815907985E8	-3.23719029972379690E3
1.27563781890945460E8	-3.24452344339406551E3
1.27863931965982980E8	-3.25185120982144360E3
1.28164082041020500E8	-3.25919222999884095E3
1.28464232116058019E8	-3.26656134903029027E3
1.28764382191095539E8	-3.27396922058538298E3
1.29064532266133059E8	-3.28142187924292594E3
1.29364682341170578E8	-3.28892038298208655E3
1.29664832416208120E8	-3.29646063338000328E3
1.29964982491245618E8	-3.30403348655846552E3
1.30265132566283137E8	-3.31162526138520974E3
1.30565282641320635E8	-3.31921871101487787E3
1.30865432716358154E8	-3.32679446036458160E3
1.31165582791395674E8	-3.33433281735174081E3
1.31465732866433216E8	-3.34181577129659368E3
1.31765882941470713E8	-3.34922892084475388E3
1.32066033016508255E8	-3.35656305139147104E3
1.32366183091545797E8	-3.36381512506143343E3
1.32666333166583317E8	-3.37098854358286815E3
1.32966483241620770E8	-3.37809267224148524E3
1.33266633316658334E8	-3.38514173404368313E3
1.33566783391695854E8	-3.39215327362277197E3
1.33866933466733373E8	-3.39914642679829404E3
1.34167083541770848E8	-3.40614021952440638E3
1.34467233616808413E8	-3.41315207413611565E3
1.34767383691845932E8	-3.42019663257477191E3
1.35067533766883430E8	-3.42728494607639922E3
1.35367683841920949E8	-3.43442402881913855E3
1.35667833916958491E8	-3.44161674134487416E3
1.35967983991995967E8	-3.44886195319354494E3
1.36268134067033486E8	-3.45615492898084309E3
1.36568284142071072E8	-3.46348788268697794E3
1.36868434217108570E8	-3.47085064733234550E3
1.37168584292146045E8	-3.47823141023005400E3
1.37468734367183565E8	-3.48561746609984047E3
1.37768884442221129E8	-3.49299594632008459E3
1.38069034517258626E8	-3.50035448773130620E3
1.38369184592296124E8	-3.50768181374238219E3
1.38669334667333666E8	-3.51496821268647341E3
1.38969484742371208E8	-3.52220590590627491E3
1.39269634817408727E8	-3.52938931081765883E3
1.39569784892446225E8	-3.53651520744671055E3
1.39869934967483722E8	-3.54358282315071893E3
1.40170085042521286E8	-3.55059384666395905E3
1.40470235117558806E8	-3.55755238220082770E3
1.40770385192596281E8	-3.56446484836292665E3
1.41070535267633845E8	-3.57133982184675114E3
1.41370685342671321E8	-3.57818782050099893E3
1.41670835417708840E8	-3.58502101601324830E3
1.41970985492746382E8	-3.59185286513028723E3
1.42271135567783924E8	-3.59869764802348024E3
1.42571285642821399E8	-3.60556990393246801E3
1.42871435717858897E8	-3.61248376383105674E3
1.43171585792896439E8	-3.61945219027654641E3
1.43471735867934003E8	-3.62648615119178563E3
1.43771885942971478E8	-3.63359377893067270E3
1.44072036018008975E8	-3.64077958758094677E3
1.44372186093046517E8	-3.64804384657563663E3
1.44672336168084037E8	-3.65538222013415615E3
1.44972486243121557E8	-3.66278577677714079E3
1.45272636318159076E8	-3.67024144033914235E3
1.45572786393196596E8	-3.67773289686866311E3
1.45872936468234116E8	-3.68524189356754395E3
1.46173086543271635E8	-3.69274978957454092E3
1.46473236618309133E8	-3.70023916561385491E3
1.46773386693346697E8	-3.70769528151202632E3
1.47073536768384172E8	-3.71510720324544952E3
1.47373686843421692E8	-3.72246848111636286E3
1.47673836918459211E8	-3.72977733952620127E3
1.47973986993496753E8	-3.73703640683442817E3
1.48274137068534229E8	-3.74425206587171866E3
1.48574287143571793E8	-3.75143353053481254E3
1.48874437218609335E8	-3.75859176292698560E3
1.49174587293646832E8	-3.76573834024104448E3
1.49474737368684352E8	-3.77288436968786423E3
1.49774887443721871E8	-3.78003953894438194E3
1.50075037518759391E8	-3.78721137390185225E3
1.50375187593796911E8	-3.79440475908453090E3
1.50675337668834430E8	-3.80162175335885655E3
1.50975487743871928E8	-3.80886170561571280E3
1.51275637818909425E8	-3.81612164390080721E3
1.51575787893946967E8	-3.82339687972273712E3
1.51875937968984487E8	-3.83068174655684412E3
1.52176088044021984E8	-3.83797037697823029E3
1.52476238119059526E8	-3.84525742662907666E3
1.52776388194097024E8	-3.85253866696995573E3
1.53076538269134566E8	-3.85981139622516256E3
1.53376688344172107E8	-3.86707464534425549E3
1.53676838419209605E8	-3.87432918501888679E3
1.53976988494247102E8	-3.88157735836970152E3
1.54277138569284622E8	-3.88882277946834520E3
1.54577288644322164E8	-3.89606993928156697E3
1.54877438719359661E8	-3.90332376283173854E3
1.55177588794397203E8	-3.91058915520681527E3
1.55477738869434745E8	-3.91787056764855057E3
1.55777888944472265E8	-3.92517161027475359E3
1.56078039019509740E8	-3.93249473088981683E3
1.56378189094547282E8	-3.93984097517329968E3
1.56678339169584757E8	-3.94720983983229345E3
1.56978489244622321E8	-3.95459922487829019E3
1.57278639319659819E8	-3.96200548733255520E3
1.57578789394697338E8	-3.96942359431756486E3
1.57878939469734858E8	-3.97684736573067132E3
1.58179089544772378E8	-3.98426979383787216E3
1.58479239619809897E8	-3.99168341515307867E3
1.58779389694847395E8	-3.99908071067586235E3
1.59079539769884981E8	-4.00645449990447577E3
1.59379689844922434E8	-4.01379829623075324E3
1.59679839919959976E8	-4.02110659099392809E3
1.59979989994997474E8	-4.02837504156871429E3
1.60280140070034993E8	-4.03560055119114480E3
1.60580290145072513E8	-4.04278124543978379E3
1.60880440220110077E8	-4.04991637184504150E3
1.61180590295147574E8	-4.05700616562381899E3
1.61480740370185072E8	-4.06405174021733906E3
1.61780890445222592E8	-4.07105505912962329E3
1.62081040520260156E8	-4.07801903042440550E3
1.62381190595297609E8	-4.08494773530712596E3
1.62681340670335151E8	-4.09184675803256148E3
1.62981490745372670E8	-4.09872354821791696E3
1.63281640820410212E8	-4.10558772049009946E3
1.63581790895447732E8	-4.11245119574397577E3
1.63881940970485229E8	-4.11932811523861897E3
1.64182091045522749E8	-4.12623450107850864E3
1.64482241120560291E8	-4.13318768696713779E3
1.64782391195597810E8	-4.14020558448752940E3
1.65082541270635308E8	-4.14730587565067133E3
1.65382691345672828E8	-4.15450522963284019E3
1.65682841420710369E8	-4.16181863390937856E3
1.65982991495747889E8	-4.16925891346054733E3
1.66283141570785387E8	-4.17683649152136827E3
1.66583291645822906E8	-4.18455942927098157E3
1.66883441720860404E8	-4.19243376518522037E3
1.67183591795897923E8	-4.20046417151227036E3
1.67483741870935487E8	-4.20865494570021070E3
1.67783891945972985E8	-4.21701137074034360E3
1.68084042021010482E8	-4.22554151553028312E3
1.68384192096048002E8	-4.23425861095933165E3
1.68684342171085566E8	-4.24318425745902150E3
1.68984492246123041E8	-4.25235292844570090E3
1.69284642321160561E8	-4.26181860951671343E3
1.69584792396198125E8	-4.27166511548662253E3
1.69884942471235623E8	-4.28202298214508392E3
1.70185092546273142E8	-4.29309854742726049E3
1.70485242621310684E8	-4.30522638866383200E3
1.70785392696348159E8	-4.31896737235612616E3
1.71085542771385701E8	-4.33529288589837947E3
1.71385692846423199E8	-4.35589650715117305E3
1.71685842921460718E8	-4.38346302322626613E3
1.71985992996498283E8	-4.42090948961917984E3
1.72286143071535713E8	-4.47117837774080584E3
1.72586293146573277E8	-4.54472183575432886E3
1.72886443221610797E8	-4.60827184406501900E3
1.73186593296648317E8	-4.64118246806486390E3
1.73486743371685814E8	-4.66183440829429241E3
1.73786893446723356E8	-4.67733501079124103E3
1.74087043521760920E8	-4.69018820178216256E3
1.74387193596798395E8	-4.70149051132025875E3
1.74687343671835937E8	-4.71180293438313846E3
1.74987493746873435E8	-4.72144400863092972E3
1.75287643821910999E8	-4.73060820491917777E3
1.75587793896948519E8	-4.73942057737270250E3
1.75887943971986038E8	-4.74796462357844451E3
1.76188094047023536E8	-4.75629764258113852E3
1.76488244122060989E8	-4.76445977590993586E3
1.76788394197098531E8	-4.77247965080023739E3
1.77088544272136050E8	-4.78037810070271174E3
1.77388694347173592E8	-4.78817074954733624E3
1.77688844422211112E8	-4.79586989414391240E3
1.77988994497248609E8	-4.80348593399183521E3
1.78289144572286107E8	-4.81102848776109049E3
1.78589294647323671E8	-4.81850727512468957E3
1.78889444722361191E8	-4.82593279812607978E3
1.79189594797398688E8	-4.83331682932606022E3
1.79489744872436208E8	-4.84067269104748021E3
1.79789894947473750E8	-4.84801529677652976E3
1.80090045022511225E8	-4.85536091940389447E3
1.80390195097548767E8	-4.86272665843207630E3
1.80690345172586331E8	-4.87012959734009687E3
1.80990495247623850E8	-4.87758568483372823E3
1.81290645322661348E8	-4.88510842661427347E3
1.81590795397698845E8	-4.89270753804755110E3
1.81890945472736343E8	-4.90038776439061685E3
1.82191095547773863E8	-4.90814809626172810E3
1.82491245622811382E8	-4.91598158491739579E3
1.82791395697848946E8	-4.92387586886274420E3
1.83091545772886422E8	-4.93181439200468041E3
1.83391695847923986E8	-4.93977813981285419E3
1.83691845922961439E8	-4.94774761037364019E3
1.83991995997998958E8	-4.95570469918066969E3
1.84292146073036522E8	-4.96363422463187298E3
1.84592296148074020E8	-4.97152493101180859E3
1.84892446223111540E8	-4.97936993249078252E3
1.85192596298149081E8	-4.98716666787089125E3
1.85492746373186601E8	-4.99491649390645165E3
1.85792896448224143E8	-5.00262405916204589E3
1.86093046523261663E8	-5.01029657821225261E3
1.86393196598299160E8	-5.01794309257829063E3
1.86693346673336658E8	-5.02557376709148240E3
1.86993496748374177E8	-5.03319924138777530E3
1.87293646823411697E8	-5.04083003999422186E3
1.87593796898449239E8	-5.04847603543291079E3
1.87893946973486758E8	-5.05614596026552121E3
1.88194097048524256E8	-5.06384696934126577E3
1.88494247123561709E8	-5.07158426201613999E3
1.88794397198599251E8	-5.07936078126078616E3
1.89094547273636882E8	-5.08717701415967127E3
1.89394697348674290E8	-5.09503091746119718E3
1.89694847423711832E8	-5.10291799188672535E3
1.89994997498749352E8	-5.11083151410597480E3
1.90295147573786894E8	-5.11876292583146597E3
1.90595297648824369E8	-5.12670235847828515E3
1.90895447723861933E8	-5.13463925807651123E3
1.91195597798899475E8	-5.14256306154176634E3
1.91495747873936972E8	-5.15046387257405236E3
1.91795897948974492E8	-5.15833308701194060E3
1.92096048024012012E8	-5.16616393184645695E3
1.92396198099049509E8	-5.17395189269582456E3
1.92696348174087051E8	-5.18169502290854567E3
1.92996498249124571E8	-5.18939413586112330E3
1.93296648324162068E8	-5.19705288993785253E3
1.93596798399199588E8	-5.20467777161597578E3
1.93896948474237041E8	-5.21227797601478038E3
1.94197098549274583E8	-5.21986517239501246E3
1.94497248624312169E8	-5.22745312782854654E3
1.94797398699349666E8	-5.23505715433624363E3
1.95097548774387164E8	-5.24269334248033392E3
1.95397698849424684E8	-5.25037756081171558E3
1.95697848924462225E8	-5.25812423859604383E3
1.95997998999499790E8	-5.26594501383455516E3
1.96298149074537243E8	-5.27384741088584974E3
1.96598299149574762E8	-5.28183379358406846E3
1.96898449224612304E8	-5.28990087584592406E3
1.97198599299649824E8	-5.29804002915995831E3
1.97498749374687366E8	-5.30623847279107608E3
1.97798899449724841E8	-5.31448120798945212E3
1.98099049524762383E8	-5.32275333201031930E3
1.98399199599799880E8	-5.33104224202796928E3
1.98699349674837356E8	-5.33933927881897308E3
1.98999499749874920E8	-5.34764053642470927E3
1.99299649824912484E8	-5.35594680270345602E3
1.99599799899949959E8	-5.36426279525472438E3
1.99899949974987479E8	-5.37259596264114503E3
2.00200100050024998E8	-5.38095512816017418E3
2.00500250125062518E8	-5.38934919748645136E3
2.00800400200099993E8	-5.39778607565842883E3
2.01100550275137602E8	-5.40627187093642725E3
2.01400700350175077E8	-5.41481041547273190E3
2.01700850425212597E8	-5.42340310994131336E3
2.02001000500250116E8	-5.43204908264326924E3
2.02301150575287636E8	-5.44074564412672679E3
2.02601300650325200E8	-5.44948900255197710E3
2.02901450725362675E8	-5.45827518430765668E3
2.03201600800400195E8	-5.46710108386496163E3
2.03501750875437670E8	-5.47596554895676668E3
2.03801900950475190E8	-5.48487039959565337E3
2.04102051025512754E8	-5.49382128749198095E3
2.04402201100550274E8	-5.50282831852068544E3
2.04702351175587749E8	-5.51190638869680960E3
2.05002501250625269E8	-5.52107520515451000E3
2.05302651325662833E8	-5.53035898544916726E3
2.05602801400700352E8	-5.53978583474538855E3
2.05902951475737916E8	-5.54938680385251004E3
2.06203101550775392E8	-5.55919462713239021E3
2.06503251625812911E8	-5.56924214384414018E3
2.06803401700850475E8	-5.57956042086430237E3
2.07103551775887951E8	-5.59017663178291269E3
2.07403701850925470E8	-5.60111180655132657E3
2.07703851925962990E8	-5.61237863594173980E3
2.08004002001000510E8	-5.62397958153475663E3
2.08304152076037985E8	-5.63590556314373536E3
2.08604302151075505E8	-5.64813545159790742E3
2.08904452226113024E8	-5.66063648251013518E3
2.09204602301150544E8	-5.67336555415309540E3
2.09504752376188108E8	-5.68627125996481464E3
2.09804902451225583E8	-5.69929647468070133E3
2.10105052526263103E8	-5.71238135558552251E3
2.10405202601300578E8	-5.72546666414676064E3
2.10705352676338187E8	-5.73849726912824831E3
2.11005502751375662E8	-5.75142555950683132E3
2.11305652826413226E8	-5.76421434304893943E3
2.11605802901450701E8	-5.77683876968221277E3
2.11905952976488221E8	-5.78928694204633576E3
2.12206103051525741E8	-5.80155911893512588E3
2.12506253126563305E8	-5.81366567291732039E3
2.12806403201600824E8	-5.82562413654148337E3
2.13106553276638344E8	-5.83745573869128087E3
2.13406703351675819E8	-5.84918182642554463E3
2.13706853426713383E8	-5.86082054459543933E3
2.14007003501750814E8	-5.87238412798502818E3
2.14307153576788423E8	-5.88387714412233187E3
2.14607303651825898E8	-5.89529595319698529E3
2.14907453726863373E8	-5.90662949446912400E3
2.15207603801901026E8	-5.91786126040837157E3
2.15507753876938413E8	-5.92897204776455400E3
2.15807903951975977E8	-5.93994288518670466E3
2.16108054027013541E8	-5.95075751020478272E3
2.16408204102051016E8	-5.96140391639152512E3
2.16708354177088536E8	-5.97187474401504215E3
2.17008504252126055E8	-5.98216654662252267E3
2.17308654327163531E8	-5.99227815023361732E3
2.17608804402201139E8	-6.00220841458130216E3
2.17908954477238614E8	-6.01195372600298406E3
2.18209104552276134E8	-6.02150554865004661E3
2.18509254627313654E8	-6.03084835573795353E3
2.18809404702351129E8	-6.03995827087545845E3
2.19109554777388738E8	-6.04880274466457646E3
2.19409704852426213E8	-6.05734154900124366E3
2.19709854927463777E8	-6.06552928120586898E3
2.20010005002501252E8	-6.07331944787828615E3
2.20310155077538727E8	-6.08067012667571127E3
2.20610305152576247E8	-6.08755129011744334E3
2.20910455227613856E8	-6.09395426909181648E3
2.21210605302651331E8	-6.09990481943387941E3
2.21510755377688806E8	-6.10548369610303787E3
2.21810905452726370E8	-6.11086559974281762E3
2.22111055527763890E8	-6.11641101137634546E3
2.22411205602801321E8	-6.12294408561305126E3
2.22711355677838885E8	-6.13290362784328913E3
2.23011505752876449E8	-6.15784997953445323E3
2.23311655827913969E8	-6.23719812515832928E3
2.23611805902951488E8	-6.27614312079739101E3
2.23911955977988963E8	-6.28852172523692499E3
2.24212106053026528E8	-6.29550235080203358E3
2.24512256128064047E8	-6.30081854738767611E3
2.24812406203101522E8	-6.30554099394356982E3
2.25112556278139042E8	-6.31008441962517441E3
2.25412706353176606E8	-6.31463731489960889E3
2.25712856428214081E8	-6.31929200948789926E3
2.26013006503251601E8	-6.32409409195383088E3
2.26313156578289165E8	-6.32906434550552977E3
2.26613306653326685E8	-6.33420956728328566E3
2.26913456728364205E8	-6.33952828397069990E3
2.27213606803401635E8	-6.34501390682316746E3
2.27513756878439244E8	-6.35065654131469159E3
2.27813906953476764E8	-6.35644410022579454E3
2.28114057028514239E8	-6.36236311513253217E3
2.28414207103551758E8	-6.36839952020798528E3
2.28714357178589278E8	-6.37453961649786560E3
2.29014507253626842E8	-6.38077136922972965E3
2.29314657328664318E8	-6.38708610435991009E3
2.29614807403701793E8	-6.39348053924592108E3
2.29914957478739357E8	-6.39995889214302061E3
2.30215107553776832E8	-6.40653461050178219E3
2.30515257628814352E8	-6.41323109396404156E3
2.30815407703851916E8	-6.42008076677577755E3
2.31115557778889436E8	-6.42712204341666826E3
2.31415707853926955E8	-6.43439414503994023E3
2.31715857928964475E8	-6.44193029019630536E3
2.32016008004001995E8	-6.44975035624512127E3
2.32316158079039559E8	-6.45785452750633659E3
2.32616308154076989E8	-6.46621954877207106E3
2.32916458229114598E8	-6.47479884980858600E3
2.33216608304152118E8	-6.48352693507335154E3
2.33516758379189593E8	-6.49232721882832209E3
2.33816908454227157E8	-6.50112139001013656E3
2.34117058529264632E8	-6.50983796882350951E3
2.34417208604302152E8	-6.51841820472917544E3
2.34717358679339672E8	-6.52681856602609223E3
2.35017508754377147E8	-6.53501018807550516E3
2.35317658829414666E8	-6.54297630935509211E3
2.35617808904452142E8	-6.55070884261004505E3
2.35917958979489750E8	-6.55820498421737330E3
2.36218109054527226E8	-6.56546440714349266E3
2.36518259129564745E8	-6.57248727840887437E3
2.36818409204602309E8	-6.57927314379297723E3
2.37118559279639785E8	-6.58582062983392014E3
2.37418709354677349E8	-6.59212787804289313E3
2.37718859429714868E8	-6.59819361923560876E3
2.38019009504752344E8	-6.60401878380824581E3
2.38319159579789908E8	-6.60960849934584793E3
2.38619309654827427E8	-6.61497425214067825E3
2.38919459729864903E8	-6.62013588029264799E3
2.39219609804902467E8	-6.62512297010764240E3
2.39519759879939986E8	-6.62997519644683386E3
2.39819909954977550E8	-6.63474125375870738E3
2.40120060030015026E8	-6.63947629100717052E3
2.40420210105052501E8	-6.64423814027351245E3
2.40720360180090065E8	-6.64908297494361289E3
2.41020510255127496E8	-6.65406119724092093E3
2.41320660330165060E8	-6.65921425621963170E3
2.41620810405202580E8	-6.66457278737752024E3
2.41920960480240099E8	-6.67015609541640409E3
2.42221110555277619E8	-6.67597271636284439E3
2.42521260630315139E8	-6.68202166814301712E3
2.42821410705352658E8	-6.68829401636115950E3
2.43121560780390178E8	-6.69477448164012845E3
2.43421710855427742E8	-6.70144293618835984E3
2.43721860930465262E8	-6.70827573218551798E3
2.44022011005502737E8	-6.71524686427949735E3
2.44322161080540301E8	-6.72232898713290972E3
2.44622311155577776E8	-6.72949430461952680E3
2.44922461230615296E8	-6.73671532748581825E3
2.45222611305652816E8	-6.74396547575554273E3
2.45522761380690335E8	-6.75121949337371774E3
2.45822911455727811E8	-6.75845364691146955E3
2.46123061530765375E8	-6.76564571117470148E3
2.46423211605802894E8	-6.77277479214680955E3
2.46723361680840458E8	-6.77982111218715033E3
2.47023511755877978E8	-6.78676595925279003E3
2.47323661830915453E8	-6.79359206882261368E3
2.47623811905952973E8	-6.80028471518199229E3
2.47923961980990493E8	-6.80683369340273892E3
2.48224112056028012E8	-6.81323613564593167E3
2.48524262131065488E8	-6.81949974332813280E3
2.48824412206103052E8	-6.82564565168612525E3
2.49124562281140616E8	-6.83170996833949395E3
2.49424712356178091E8	-6.83774322203036622E3
2.49724862431215566E8	-6.84380752864710651E3
2.50025012506253130E8	-6.84997198589003808E3
2.50325162581290606E8	-6.85630729026353691E3
2.50625312656328170E8	-6.86288059546187945E3
2.50925462731365689E8	-6.86975124141840343E3
2.51225612806403165E8	-6.87696747164799227E3
2.51525762881440729E8	-6.88456388974852551E3
2.51825912956478204E8	-6.89255935452692636E3
2.52126063031515724E8	-6.90095523697392998E3
2.52426213106553288E8	-6.90973433039050455E3
2.52726363181590807E8	-6.91886101638725393E3
2.53026513256628327E8	-6.92828333988746436E3
2.53326663331665802E8	-6.93793731415378812E3
2.53626813406703366E8	-6.94775312050490879E3
2.53926963481740930E8	-6.95766216884239519E3
2.54227113556778317E8	-6.96760362903919628E3
2.54527263631815970E8	-6.97752923299163985E3
2.54827413706853445E8	-6.98740578237738408E3
2.55127563781890920E8	-6.99721552429653304E3
2.55427713856928440E8	-7.00695505232067006E3
2.55727863931965960E8	-7.01663353259259015E3
2.56028014007003524E8	-7.02627091335381504E3
2.56328164082040999E8	-7.03589650841846304E3
2.56628314157078519E8	-7.04554807163735131E3
2.56928464232116038E8	-7.05527126894895229E3
2.57228614307153602E8	-7.06511930193319593E3
2.57528764382191078E8	-7.07515231685987800E3
2.57828914457228597E8	-7.08543612119684418E3
2.58129064532266117E8	-7.09603960234921072E3
2.58429214607303681E8	-7.10703014118872023E3
2.58729364682341156E8	-7.11846634601905937E3
2.59029514757378720E8	-7.13038780774496939E3
2.59329664832416240E8	-7.14280255122640551E3
2.59629814907453760E8	-7.15567445350211262E3
2.59929964982491235E8	-7.16891449614108023E3
2.60230115057528799E8	-7.18237988918871650E3
2.60530265132566274E8	-7.19588262243525190E3
2.60830415207603794E8	-7.20920483765970666E3
2.61130565282641269E8	-7.22211604677229246E3
2.61430715357678878E8	-7.23438930780275502E3
2.61730865432716309E8	-7.24581806012689622E3
2.62031015507753784E8	-7.25623738095883652E3
2.62331165582791348E8	-7.26555027376815854E3
2.62631315657828868E8	-7.27375340641410428E3
2.62931465732866432E8	-7.28095186614483936E3
2.63231615807903951E8	-7.28735252413385659E3
2.63531765882941427E8	-7.29323241620822671E3
2.63831915957979035E8	-7.29889046236194439E3
2.64132066033016510E8	-7.30460017493695979E3
2.64432216108054030E8	-7.31057947338876790E3
2.64732366183091594E8	-7.31698260042456106E3
2.65032516258129025E8	-7.32390826959065766E3
2.65332666333166634E8	-7.33141447477113672E3
2.65632816408203976E8	-7.33953269240939932E3
2.65932966483241540E8	-7.34827806710641518E3
2.66233116558279148E8	-7.35765484671369041E3
2.66533266633316668E8	-7.36765747633778822E3
2.66833416708354232E8	-7.37826807044366895E3
2.67133566783391707E8	-7.38945123551457339E3
2.67433716858429182E8	-7.40114789122876182E3
2.67733866933466746E8	-7.41327082297464290E3
2.68034017008504222E8	-7.42570549881742181E3
2.68334167083541697E8	-7.43831902120799970E3
2.68634317158579261E8	-7.45097723593060657E3
2.68934467233616825E8	-7.46356611320192975E3
2.69234617308654256E8	-7.47601122585367683E3
2.69534767383691864E8	-7.48829034777861757E3
2.69834917458729340E8	-7.50043786015047154E3
2.70135067533766859E8	-7.51254292391665324E3
2.70435217608804424E8	-7.52474419803428152E3
2.70735367683841899E8	-7.53722197068905864E3
2.71035517758879418E8	-7.55018440782240852E3
2.71335667833916983E8	-7.56383860500673944E3
2.71635817908954413E8	-7.57833123173557688E3
2.71935967983991933E8	-7.59364593076193461E3
2.72236118059029542E8	-7.60946646674227090E3
2.72536268134066972E8	-7.62500555897744636E3
2.72836418209104536E8	-7.63812143143540823E3
2.73136568284142145E8	-7.55933328968466078E3
2.73436718359179576E8	-7.49897141868527495E3
2.73736868434217140E8	-7.50878598778712103E3
2.74037018509254660E8	-7.51933616460614029E3
2.74337168584292090E8	-7.52940480146900626E3
2.74637318659329699E8	-7.53889806740401447E3
2.74937468734367130E8	-7.54789201053357139E3
2.75237618809404605E8	-7.55648961208612224E3
2.75537768884442258E8	-7.56478752656405895E3
2.75837918959479689E8	-7.57286835068677089E3
2.76138069034517253E8	-7.58080007680764290E3
2.76438219109554773E8	-7.58863745605652174E3
2.76738369184592248E8	-7.59642356977087996E3
2.77038519259629767E8	-7.60419106879229112E3
2.77338669334667332E8	-7.61196295975828985E3
2.77638819409704851E8	-7.61975299148722218E3
2.77938969484742415E8	-7.62756578684685316E3
2.78239119559779846E8	-7.63539693124875640E3
2.78539269634817455E8	-7.64323327078496551E3
2.78839419709854885E8	-7.65105367351922894E3
2.79139569784892450E8	-7.65883045598512968E3
2.79439719859929969E8	-7.66653156055992913E3
2.79739869934967444E8	-7.67412342026190419E3
2.80040020010005053E8	-7.68157431351177600E3
2.80340170085042573E8	-7.68885794805148315E3
2.80640320160080048E8	-7.69595704366356603E3
2.80940470235117612E8	-7.70286677067750425E3
2.81240620310155132E8	-7.70959794528339426E3
2.81540770385192562E8	-7.71617973853227834E3
2.81840920460230038E8	-7.72266122233447838E3
2.82141070535267691E8	-7.72911037934059841E3
2.82441220610305077E8	-7.73560866350145204E3
2.82741370685342641E8	-7.74223964781889595E3
2.83041520760380205E8	-7.74907262805637753E3
2.83341670835417681E8	-7.75614590878464849E3
2.83641820910455245E8	-7.76345725806746678E3
2.83941970985492764E8	-7.77096719505723588E3
2.84242121060530284E8	-7.77861416942575623E3
2.84542271135567848E8	-7.78633416579726578E3
2.84842421210605323E8	-7.79407614499672086E3
2.85142571285642799E8	-7.80180899108857062E3
2.85442721360680363E8	-7.80952080983718844E3
2.85742871435717793E8	-7.81721397964993514E3
2.86043021510755358E8	-7.82489915395894720E3
2.86343171585792877E8	-7.83259005917541806E3
2.86643321660830352E8	-7.84029971429606309E3
2.86943471735868005E8	-7.84803801903999254E3
2.87243621810905436E8	-7.85581042493547255E3
2.87543771885942956E8	-7.86361739479696276E3
2.87843921960980520E8	-7.87145443052111915E3
2.88144072036017951E8	-7.87931251703569480E3
2.88444222111055470E8	-7.88717887700463116E3
2.88744372186093035E8	-7.89503794665104852E3
2.89044522261130510E8	-7.90287248386861130E3
2.89344672336168074E8	-7.91066471334198162E3
2.89644822411205594E8	-7.91839741375995665E3
2.89944972486243113E8	-7.92605485964243961E3
2.90245122561280677E8	-7.93362355540213127E3
2.90545272636318153E8	-7.94109272606537075E3
2.90845422711355672E8	-7.94845456419351404E3
2.91145572786393192E8	-7.95570425751600130E3
2.91445722861430756E8	-7.96283984309423953E3
2.91745872936468231E8	-7.96986194409200444E3
2.92046023011505707E8	-7.97677344536302435E3
2.92346173086543271E8	-7.98357915880991165E3
2.92646323161580790E8	-7.99028552040048101E3
2.92946473236618266E8	-7.99690034905571245E3
2.93246623311655785E8	-8.00343268730324908E3
2.93546773386693394E8	-8.00989273166960736E3
2.93846923461730869E8	-8.01629185152166990E3
2.94147073536768344E8	-8.02264268617835441E3
2.94447223611805953E8	-8.02895929786872564E3
2.94747373686843384E8	-8.03525734840946981E3
2.95047523761880948E8	-8.04155424748294756E3
2.95347673836918423E8	-8.04786920173184583E3
2.95647823911955943E8	-8.05422306541283639E3
2.95947973986993507E8	-8.06063786568339147E3
2.96248124062031026E8	-8.06713586140452499E3
2.96548274137068457E8	-8.07373801122875889E3
2.96848424212106066E8	-8.08046181183152257E3
2.97148574287143585E8	-8.08731864440867732E3
2.97448724362180972E8	-8.09431103718177170E3
2.97748874437218669E8	-8.10143053790437762E3
2.98049024512256144E8	-8.10865704065305870E3
2.98349174587293664E8	-8.11596023725504701E3
2.98649324662331139E8	-8.12330329002393547E3
2.98949474737368703E8	-8.13064803084619214E3
2.99249624812406179E8	-8.13796038110734443E3
2.99549774887443743E8	-8.14521461122584256E3
2.99849924962481174E8	-8.15239556386650932E3
3.00150075037518782E8	-8.15949872722553771E3
3.00450225112556257E8	-8.16652866286802137E3
3.00750375187593821E8	-8.17349655586474810E3
3.01050525262631297E8	-8.18041757871715447E3
3.01350675337668861E8	-8.18730852587488478E3
3.01650825412706336E8	-8.19418592605843799E3
3.01950975487743856E8	-8.20106466129691114E3
3.02251125562781331E8	-8.20795702765573942E3
3.02551275637818851E8	-8.21487214321651571E3
3.02851425712856415E8	-8.22181561669588312E3
3.03151575787893934E8	-8.22878941244653461E3
3.03451725862931410E8	-8.23579187413920621E3
3.03751875937968974E8	-8.24281788553671824E3
3.04052026013006493E8	-8.24985916164826349E3
3.04352176088043969E8	-8.25690466389878885E3
3.04652326163081577E8	-8.26394113160032440E3
3.04952476238119052E8	-8.27095371237900778E3
3.05252626313156616E8	-8.27792666599477123E3
3.05552776388194047E8	-8.28484410860578713E3
3.05852926463231656E8	-8.29169076304444630E3
3.06153076538269131E8	-8.29845268453411400E3
3.06453226613306606E8	-8.30511794649712343E3
3.06753376688344215E8	-8.31167728613765000E3
3.07053526763381690E8	-8.31812473660632534E3
3.07353676838419210E8	-8.32445829108143087E3
3.07653826913456729E8	-8.33068066641738092E3
3.07953976988494205E8	-8.33680024191788505E3
3.08254127063531769E8	-8.34283223700290577E3
3.08554277138569244E8	-8.34880015600717051E3
3.08854427213606764E8	-8.35473743679947489E3
3.09154577288644328E8	-8.36068909337599209E3
3.09454727363681847E8	-8.36671292289110724E3
3.09754877438719323E8	-8.37287957899772195E3
3.10055027513756887E8	-8.37927056476199716E3
3.10355177588794406E8	-8.38597309712405625E3
3.10655327663831882E8	-8.39307104341868104E3
3.10955477738869490E8	-8.40063192936113445E3
3.11255627813906965E8	-8.40869150158372136E3
3.11555777888944530E8	-8.41723931292139227E3
3.11855927963982049E8	-8.42621046513514393E3
3.12156078039019480E8	-8.43548848308917165E3
3.12456228114056955E8	-8.44492099921029471E3
3.12756378189094564E8	-8.45434433189211987E3
3.13056528264131995E8	-8.46360868191415427E3
3.13356678339169514E8	-8.47259597292269540E3
3.13656828414207123E8	-8.48122692755439900E3
3.13956978489244642E8	-8.48945905203178874E3
3.14257128564282118E8	-8.49727967742355794E3
3.14557278639319637E8	-8.50469786347567336E3
3.14857428714357201E8	-8.51173736210099285E3
3.15157578789394677E8	-8.51843135231980320E3
3.15457728864432152E8	-8.52481880451624896E3
3.15757878939469716E8	-8.53094203475693291E3
3.16058029014507236E8	-8.53684502218322017E3
3.16358179089544755E8	-8.54257218001840357E3
3.16658329164582231E8	-8.54816740039409240E3
3.16958479239619795E8	-8.55367327844357206E3
3.17258629314657359E8	-8.55913047453213061E3
3.17558779389694790E8	-8.56457718965711479E3
3.17858929464732309E8	-8.57004873044764537E3
3.18159079539769962E8	-8.57557713237623886E3
3.18459229614807438E8	-8.58119079838736276E3
3.18759379689844868E8	-8.58691410641193542E3
3.19059529764882388E8	-8.59276693128375335E3
3.19359679839919952E8	-8.59876402933921469E3
3.19659829914957427E8	-8.60491423101179898E3
3.19959979989994947E8	-8.61121938833755607E3
3.20260130065032467E8	-8.61767300710704021E3
3.20560280140069986E8	-8.62425846206583913E3
3.20860430215107550E8	-8.63094659840469802E3
3.21160580290145026E8	-8.63769231561075479E3
3.21460730365182545E8	-8.64442926220896979E3
3.21760880440220154E8	-8.65106072896645450E3
3.22061030515257585E8	-8.65744238931273102E3
3.22361180590295149E8	-8.66334631459662141E3
3.22661330665332713E8	-8.66837721953448082E3
3.22961480740370144E8	-8.67172350310149298E3
3.23261630815407708E8	-8.85230038101491346E3
3.23561780890445183E8	-8.84474362810912496E3
3.23861930965482703E8	-8.82048841163181763E3
3.24162081040520311E8	-8.78619926632736359E3
3.24462231115557742E8	-8.76930338812559640E3
3.24762381190595217E8	-8.76515453234364017E3
3.25062531265632870E8	-8.76626375469496644E3
3.25362681340670301E8	-8.76970802814637551E3
3.25662831415707865E8	-8.77432474742001745E3
3.25962981490745340E8	-8.77959002169555980E3
3.26263131565782905E8	-8.78524286529324527E3
3.26563281640820424E8	-8.79114409898068416E3
3.26863431715857899E8	-8.79721631683015914E3
3.27163581790895464E8	-8.80341543325926601E3
3.27463731865932894E8	-8.80971590727924969E3
3.27763881940970458E8	-8.81610244522977560E3
3.28064032016008067E8	-8.82256502485258665E3
3.28364182091045498E8	-8.82909575695028437E3
3.28664332166083017E8	-8.83568685057462133E3
3.28964482241120582E8	-8.84232930510028758E3
3.29264632316158057E8	-8.84901212789327474E3
3.29564782391195621E8	-8.85572196695026825E3
3.29864932466233096E8	-8.86244308751331644E3
3.30165082541270616E8	-8.86915764962297892E3
3.30465232616308091E8	-8.87584625908365688E3
3.30765382691345655E8	-8.88248879696474525E3
3.31065532766383175E8	-8.88906557682465426E3
3.31365682841420739E8	-8.89555894571807571E3
3.31665832916458125E8	-8.90195552363099196E3
3.31965982991495778E8	-8.90824932336246356E3
3.32266133066533209E8	-8.91444591922720875E3
3.32566283141570773E8	-8.92056743677193786E3
3.32866433216608248E8	-8.92665714331289628E3
3.33166583291645813E8	-8.93278072240199705E3
3.33466733366683332E8	-8.93901969330722501E3
3.33766883441720807E8	-8.94545332974772478E3
3.34067033516758372E8	-8.95213178378188346E3
3.34367183591795847E8	-8.95905319667205191E3
3.34667333666833411E8	-8.96616115290007620E3
3.34967483741870975E8	-8.97336698066858318E3
3.35267633816908406E8	-8.98058301783310142E3
3.35567783891945970E8	-8.98774741953844014E3
3.35867933966983534E8	-8.99483184074464859E3
3.36168084042020965E8	-9.00183599160817138E3
3.36468234117058529E8	-9.00877723926874552E3
3.36768384192096004E8	-9.01568094979005785E3
3.37068534267133568E8	-9.02257364049387967E3
3.37368684342171132E8	-9.02947886867874949E3
3.37668834417208563E8	-9.03641509401359144E3
3.37968984492246083E8	-9.04339478416048159E3
3.38269134567283647E8	-9.05042426346899198E3
3.38569284642321122E8	-9.05750401656276338E3
3.38869434717358686E8	-9.06462929236988302E3
3.39169584792396250E8	-9.07179092704633128E3
3.39469734867433726E8	-9.07897632646937680E3
3.39769884942471245E8	-9.08617055592213774E3
3.40070035017508721E8	-9.09335747400195693E3
3.40370185092546285E8	-9.10052084692938479E3
3.40670335167583715E8	-9.10764537893924420E3
3.40970485242621368E8	-9.11471760596347558E3
3.41270635317658932E8	-9.12172661695062992E3
3.41570785392696319E8	-9.12866458522914392E3
3.41870935467733839E8	-9.13552711518654448E3
3.42171085542771403E8	-9.14231342115781764E3
3.42471235617808878E8	-9.14902636949514658E3
3.42771385692846398E8	-9.15567241672307830E3
3.43071535767883962E8	-9.16226147876663433E3
3.43371685842921437E8	-9.16880675849565741E3
3.43671835917958912E8	-9.17532455159999039E3
3.43971985992996565E8	-9.18183403636428608E3
3.44272136068033996E8	-9.18835703651648217E3
3.44572286143071427E8	-9.19491772198454171E3
3.44872436218109124E8	-9.20154218480383257E3
3.45172586293146555E8	-9.20825779513412712E3
3.45472736368184163E8	-9.21509221470327233E3
3.45772886443221594E8	-9.22207193599023789E3
3.46073036518259070E8	-9.22922025553173420E3
3.46373186593296634E8	-9.23655470516266774E3
3.46673336668334153E8	-9.24408417877880595E3
3.46973486743371629E8	-9.25180627253394405E3
3.47273636818409193E8	-9.25970558661029131E3
3.47573786893446712E8	-9.26775374564565624E3
3.47873936968484276E8	-9.27591153749631658E3
3.48174087043521840E8	-9.28413290139316061E3
3.48474237118559227E8	-9.29236982763028863E3
3.48774387193596791E8	-9.30057694159483361E3
3.49074537268634355E8	-9.30871480693697961E3
3.49374687343671875E8	-9.31675159982479428E3
3.49674837418709306E8	-9.32466340172468122E3
3.49974987493746870E8	-9.33243366051454259E3
3.50275137568784345E8	-9.34005235018497260E3
3.50575287643821998E8	-9.34751516361233747E3
3.50875437718859473E8	-9.35482285262873425E3
3.51175587793897037E8	-9.36198068899556191E3
3.51475737868934335E8	-9.36899796292367704E3
3.51775887943972076E8	-9.37588744190338197E3
3.52076038019009374E8	-9.38266475081384144E3
3.52376188094047071E8	-9.38934766891941130E3
3.52676338169084591E8	-9.39595536779592422E3
3.52976488244121978E8	-9.40250762644057225E3
3.53276638319159542E8	-9.40902406130470581E3
3.53576788394197061E8	-9.41552340606962801E3
3.53876938469234537E8	-9.42202286854148241E3
3.54177088544272101E8	-9.42853758655939878E3
3.54477238619309620E8	-9.43508019927291386E3
3.54777388694347184E8	-9.44166054892911788E3
3.55077538769384660E8	-9.44828552409503253E3
3.55377688844422224E8	-9.45495905595408814E3
3.55677838919459788E8	-9.46168227235146375E3
3.55977988994497219E8	-9.46845381246991380E3
3.56278139069534783E8	-9.47527029439159918E3
3.56578289144572214E8	-9.48212692225359710E3
3.56878439219609778E8	-9.48901820790917050E3
3.57178589294647342E8	-9.49593877822729127E3
3.57478739369684817E8	-9.50288423557080009E3
3.57778889444722381E8	-9.50985204248523175E3
3.58079039519759945E8	-9.51684240905034784E3
3.58379189594797376E8	-9.52385917154791528E3
3.58679339669834985E8	-9.53091066034806289E3
3.58979489744872415E8	-9.53801055250490393E3
3.59279639819909935E8	-9.54517867721117064E3
3.59579789894947499E8	-9.55244167525682286E3
3.59879939969985063E8	-9.55983327122707749E3
3.60180090045022450E8	-9.56739368107303889E3
3.60480240120059969E8	-9.57516735469009461E3
3.60780390195097533E8	-9.58319796811580460E3
3.61080540270135009E8	-9.59151969192869025E3
3.61380690345172662E8	-9.60014490352467575E3
3.61680840420210092E8	-9.60905118231868371E3
3.61980990495247701E8	-9.61817382368795570E3
3.62281140570285221E8	-9.62741106228299337E3
3.62581290645322696E8	-9.63664411059450288E3
3.62881440720360127E8	-9.64576452790281458E3
3.63181590795397691E8	-9.65469568555625735E3
3.63481740870435166E8	-9.66339939370637424E3
3.63781890945472686E8	-9.67186871392776482E3
3.64082041020510250E8	-9.68011445609089805E3
3.64382191095547725E8	-9.68815258672050206E3
3.64682341170585289E8	-9.69599606063210828E3
3.64982491245622764E8	-9.70365130359091133E3
3.65282641320660195E8	-9.71111804892010788E3
3.65582791395697893E8	-9.71839102836346491E3
3.65882941470735412E8	-9.72546236637743000E3
3.66183091545772843E8	-9.73232395771045411E3
3.66483241620810407E8	-9.73896944591556668E3
3.66783391695847971E8	-9.74539564959801297E3
3.67083541770885358E8	-9.75160341865484703E3
3.67383691845922877E8	-9.75759798171676707E3
3.67683841920960441E8	-9.76338888124987747E3
3.67983991995997917E8	-9.76898959527731137E3
3.68284142071035481E8	-9.77441693523150867E3
3.68584292146073045E8	-9.77969028017049347E3
3.68884442221110609E8	-9.78483068348663565E3
3.69184592296148040E8	-9.78985985221267008E3
3.69484742371185604E8	-9.79479896980702947E3
3.69784892446223079E8	-9.79966729645000711E3
3.70085042521260599E8	-9.80448043712220496E3
3.70385192596298163E8	-9.80924809793131480E3
3.70685342671335594E8	-9.81397104043381496E3
3.70985492746373202E8	-9.81863672780442087E3
3.71285642821410766E8	-9.82321273030697384E3
3.71585792896448286E8	-9.82763601648078300E3
3.71885942971485672E8	-9.83179403326480283E3
3.72186093046523325E8	-9.83548764645012952E3
3.72486243121560756E8	-9.83834883442051478E3
3.72786393196598320E8	-9.83962743567827758E3
3.73086543271635795E8	-9.83752219127159933E3
3.73386693346673315E8	-9.82660083754278091E3
3.73686843421710879E8	-9.79076903010938437E3
3.73986993496748354E8	-9.74395231802807515E3
3.74287143571785830E8	-9.72464574979440144E3
3.74587293646823394E8	-9.71675986899036381E3
3.74887443721860913E8	-9.71188879818152095E3
3.75187593796898478E8	-9.70754895319978672E3
3.75487743871936042E8	-9.70308424828140836E3
3.75787893946973517E8	-9.69863664182331675E3
3.76088044022011037E8	-9.69469054305853106E3
3.76388194097048512E8	-9.69171422438377661E3
3.76688344172085987E8	-9.68995493183848744E3
3.76988494247123418E8	-9.68942964878308644E3
3.77288644322161115E8	-9.69001700609630134E3
3.77588794397198502E8	-9.69154787106086779E3
3.77888944472236110E8	-9.69385838900825547E3
3.78189094547273763E8	-9.69681142006453811E3
3.78489244622311194E8	-9.70030071471531485E3
3.78789394697348580E8	-9.70424793393347862E3
3.79089544772386233E8	-9.70859766740530183E3
3.79389694847423664E8	-9.71331260394000573E3
3.79689844922461228E8	-9.71836956739860724E3
3.79989994997498703E8	-9.72375654000792267E3
3.80290145072536223E8	-9.72947059481331245E3
3.80590295147573787E8	-9.73551661940544655E3
3.80890445222611174E8	-9.74190674130361245E3
3.81190595297648738E8	-9.74866040635295938E3
3.81490745372686302E8	-9.75580511940782102E3
3.81790895447723866E8	-9.76337789104984388E3
3.82091045522761386E8	-9.77142743060066366E3
3.82391195597798950E8	-9.78001696613862492E3
3.82691345672836425E8	-9.78922701937136175E3
3.82991495747873945E8	-9.79915599054195674E3
3.83291645822911420E8	-9.80991313707805901E3
3.83591795897948984E8	-9.82159282200441552E3
3.83891945972986415E8	-9.83421352030452667E3
3.84192096048024023E8	-9.84761383861142825E3
3.84492246123061587E8	-9.86134616303890965E3
3.84792396198099018E8	-9.87468313078864668E3
3.85092546273136671E8	-9.88682654865441890E3
3.85392696348174102E8	-9.89720882767765708E3
3.85692846423211577E8	-9.90565919549616147E3
3.85992996498249141E8	-9.91236296597838162E3
3.86293146573286617E8	-9.91771458991714461E3
3.86593296648324136E8	-9.92216874061246301E3
3.86893446723361700E8	-9.92613471922257062E3
3.87193596798399176E8	-9.92992379931032865E3
3.87493746873436740E8	-9.93374114204253367E3
3.87793896948474082E8	-9.93770414237158484E3
3.88094047023511823E8	-9.94186917543946436E3
3.88394197098549165E8	-9.94625558857729608E3
3.88694347173586863E8	-9.95086297560819943E3
3.88994497248624338E8	-9.95568198936516424E3
3.89294647323661858E8	-9.96070040788245059E3
3.89594797398699333E8	-9.96590618644085247E3
3.89894947473736853E8	-9.97128877193052787E3
3.90195097548774328E8	-9.97683949718956420E3
3.90495247623811892E8	-9.98255152901021603E3
3.90795397698849367E8	-9.98841962766277547E3
3.91095547773886931E8	-9.99443984939209074E3
3.91395697848924451E8	-1.00006092534525637E4
3.91695847923962059E8	-1.00069256390690065E4
3.91995997998999579E8	-1.00133873244038663E4
3.92296148074037010E8	-1.00199929706564972E4
3.92596298149074485E8	-1.00267414540026789E4
3.92896448224112049E8	-1.00336317896536142E4
3.93196598299149525E8	-1.00406631107119848E4
3.93496748374187044E8	-1.00478347089681419E4
3.93796898449224608E8	-1.00551461399479436E4
3.94097048524262084E8	-1.00625973997016316E4
3.94397198599299648E8	-1.00701891765564455E4
3.94697348674337167E8	-1.00779231817650339E4
3.94997498749374731E8	-1.00858025556435149E4
3.95297648824412207E8	-1.00938323325956714E4
3.95597798899449682E8	-1.01020199169814662E4
3.95897948974487246E8	-1.01103754612873464E4
3.96198099049524766E8	-1.01189119302381947E4
3.96498249124562241E8	-1.01276444716594294E4
3.96798399199599761E8	-1.01365885066083061E4
3.97098549274637236E8	-1.01457558040381879E4
3.97398699349674711E8	-1.01551479515193277E4
3.97698849424712453E8	-1.01647475069325521E4
3.97998999499749839E8	-1.01745090218722023E4
3.98299149574787492E8	-1.01843545599925145E4
3.98599299649824967E8	-1.01941791850799857E4
3.98899449724862487E8	-1.02038684657131173E4
3.99199599799899918E8	-1.02133227448264652E4
3.99499749874937482E8	-1.02224774026674448E4
3.99799899949974957E8	-1.02313103717400478E4
4.00100050025012433E8	-1.02398361671452331E4
4.00400200100049997E8	-1.02480924302601606E4
4.00700350175087472E8	-1.02561260814011201E4
4.01000500250125036E8	-1.02639832420239063E4
4.01300650325162600E8	-1.02717037459978200E4
4.01600800400199986E8	-1.02793191888176483E4
4.01900950475237728E8	-1.02868530485818765E4
4.02201100550275203E8	-1.02943217148291999E4
4.02501250625312590E8	-1.03017357230583828E4
4.02801400700350154E8	-1.03091008623735614E4
4.03101550775387718E8	-1.03164190498810204E4
4.03401700850425193E8	-1.03236889804240262E4
4.03701850925462669E8	-1.03309066084162016E4
4.04002001000500233E8	-1.03380655285277867E4
4.04302151075537619E8	-1.03451573151856313E4
4.04602301150575272E8	-1.03521718700618548E4
4.04902451225612836E8	-1.03590978109461807E4
4.05202601300650400E8	-1.03659229260470864E4
4.05502751375687875E8	-1.03726347045568401E4
4.05802901450725351E8	-1.03792209514655087E4
4.06103051525762915E8	-1.03856704890236728E4
4.06403201600800390E8	-1.03919739501419417E4
4.06703351675837865E8	-1.03981246727632226E4
4.07003501750875341E8	-1.04041197109974703E4
4.07303651825912905E8	-1.04099609894536060E4
4.07603801900950380E8	-1.04156566368974235E4
4.07903951975987944E8	-1.04212225456998442E4
4.08204102051025508E8	-1.04266842129301440E4
4.08504252126062894E8	-1.04320789289232430E4
4.08804402201100547E8	-1.04374583876912652E4
4.09104552276138111E8	-1.04428917996370640E4
4.09404702351175498E8	-1.04484695874921441E4
4.09704852426213062E8	-1.04543076954648129E4
4.10005002501250537E8	-1.04605523483057583E4
4.10305152576288101E8	-1.04673844894417511E4
4.10605302651325665E8	-1.04750215542701985E4
4.10905452726363229E8	-1.04837107060930945E4
4.11205602801400705E8	-1.04937013396947432E4
4.11505752876438269E8	-1.05051781436141534E4
4.11805902951475833E8	-1.05181439530715393E4
4.12106053026513308E8	-1.05322926583475818E4
4.12406203101550783E8	-1.05469948487642640E4
4.12706353176588259E8	-1.05614943992392618E4
4.13006503251625823E8	-1.05751991105921750E4
4.13306653326663298E8	-1.05878278262465608E4
4.13606803401700951E8	-1.05993567628545304E4
4.13906953476738249E8	-1.06098894479766082E4
4.14207103551775901E8	-1.06195565614753562E4
4.14507253626813554E8	-1.06284688798886329E4
4.14807403701850941E8	-1.06367068875764548E4
4.15107553776888416E8	-1.06443274934971188E4
4.15407703851925980E8	-1.06513752040404741E4
4.15707853926963455E8	-1.06578914221357102E4
4.16008004002001019E8	-1.06639196917962686E4
4.16308154077038495E8	-1.06695070783921575E4
4.16608304152075970E8	-1.06747029128911675E4
4.16908454227113534E8	-1.06795562750452189E4
4.17208604302151009E8	-1.06841132608341427E4
4.17508754377188485E8	-1.06884146323191698E4
4.17808904452226049E8	-1.06924940586948036E4
4.18109054527263702E8	-1.06963768992487451E4
4.18409204602301088E8	-1.07000793404981787E4
4.18709354677338741E8	-1.07036076335854125E4
4.19009504752376216E8	-1.07069571558542509E4
4.19309654827413691E8	-1.07101109935529570E4
4.19609804902451167E8	-1.07130376998046195E4
4.19909954977488731E8	-1.07156878005990097E4
4.20210105052526206E8	-1.07179885054812329E4
4.20510255127563770E8	-1.07198359685525291E4
4.20810405202601157E8	-1.07210844928469595E4
4.21110555277638721E8	-1.07215327375854863E4
4.21410705352676374E8	-1.07209094207062661E4
4.21710855427713938E8	-1.07188674979360554E4
4.22011005502751324E8	-1.07150081644278616E4
4.22311155577788888E8	-1.07089639784099377E4
4.22611305652826452E8	-1.07005210548375262E4
4.22911455727863927E8	-1.06895772304907899E4
4.23211605802901403E8	-1.06755922263925296E4
4.23511755877938967E8	-1.06568467547630719E4
4.23811905952976442E8	-1.06324474855009843E4
4.24112056028013917E8	-1.06088059789281930E4
4.24412206103051481E8	-1.05937688058068979E4
4.24712356178089045E8	-1.05869024052625393E4
4.25012506253126610E8	-1.05850680953484888E4
4.25312656328164085E8	-1.05860461098454084E4
4.25612806403201649E8	-1.05885583282120432E4
4.25912956478239124E8	-1.05918768369029559E4
4.26213106553276688E8	-1.05955797816607711E4
4.26513256628314075E8	-1.05994183691554689E4
4.26813406703351639E8	-1.06032424107166356E4
4.27113556778389203E8	-1.06069569581706702E4
4.27413706853426767E8	-1.06104964772034660E4
4.27713856928464242E8	-1.06138095188645032E4
4.28014007003501629E8	-1.06168501615617172E4
4.28314157078539370E8	-1.06195744425132266E4
4.28614307153576846E8	-1.06219412881569286E4
4.28914457228614232E8	-1.06239182933577547E4
4.29214607303651796E8	-1.06254929226503636E4
4.29514757378689360E8	-1.06266887960901579E4
4.29814907453726747E8	-1.06275840639306129E4
4.30115057528764400E8	-1.06283248157403665E4
4.30415207603802052E8	-1.06291237633051372E4
4.30715357678839261E8	-1.06302377690070471E4
4.31015507753876825E8	-1.06319285127416840E4
4.31315657828914478E8	-1.06344215127396402E4
4.31615807903951954E8	-1.06378795700699658E4
4.31915957978989518E8	-1.06423970224019682E4
4.32216108054027082E8	-1.06480110071974332E4
4.32516258129064557E8	-1.06547232027200645E4
4.32816408204102032E8	-1.06625292684440831E4
4.33116558279139507E8	-1.06714582704383787E4
4.33416708354177072E8	-1.06816270792040591E4
4.33716858429214547E8	-1.06933125593261891E4
4.34017008504252111E8	-1.07070266859817553E4
4.34317158579289586E8	-1.07235023366859439E4
4.34617308654327061E8	-1.07432814729939685E4
4.34917458729364803E8	-1.07655505806102925E4
4.35217608804402278E8	-1.07874223557353655E4
4.35517758879439665E8	-1.08059546800263662E4
4.35817908954477229E8	-1.08202824765989658E4
4.36118059029514704E8	-1.08309939693198620E4
4.36418209104552268E8	-1.08389407643790636E4
4.36718359179589832E8	-1.08447950176250596E4
4.37018509254627308E8	-1.08490222998579022E4
4.37318659329664872E8	-1.08519501822203579E4
4.37618809404702258E8	-1.08538351986075732E4
4.37918959479739733E8	-1.08549109566856106E4
4.38219109554777475E8	-1.08554155600585966E4
4.38519259629814950E8	-1.08555978748428461E4
4.38819409704852426E8	-1.08557051012662176E4
4.39119559779889990E8	-1.08559599120840433E4
4.39419709854927554E8	-1.08565390879237333E4
4.39719859929965118E8	-1.08575628934492174E4
4.40020010005002504E8	-1.08590972786735085E4
4.40320160080039980E8	-1.08611649221749795E4
4.40620310155077455E8	-1.08637593285895528E4
4.40920460230115019E8	-1.08668576725059163E4
4.41220610305152494E8	-1.08704304099875371E4
4.41520760380190058E8	-1.08744473639916173E4
4.41820910455227711E8	-1.08788807616452265E4
4.42121060530265186E8	-1.08837058721036795E4
4.42421210605302662E8	-1.08888998119860703E4
4.42721360680340137E8	-1.08944389895675275E4
4.43021510755377612E8	-1.09002956733100365E4
4.43321660830415176E8	-1.09064343433945909E4
4.43621810905452740E8	-1.09128087873872248E4
4.43921960980490127E8	-1.09193612028034615E4
4.44222111055527780E8	-1.09260246190279808E4
4.44522261130565077E8	-1.09327294995313928E4
4.44822411205602641E8	-1.09394143446751757E4
4.45122561280640294E8	-1.09460387857671093E4
4.45422711355677770E8	-1.09525966084275383E4
4.45722861430715245E8	-1.09591258729587460E4
4.46023011505752898E8	-1.09657138970659984E4
4.46323161580790373E8	-1.09724960050973452E4
4.46623311655827937E8	-1.09796481039732874E4
4.46923461730865323E8	-1.09873736892774243E4
4.47223611805902976E8	-1.09958851344040709E4
4.47523761880940363E8	-1.10053768108820060E4
4.47823911955977927E8	-1.10159851677054421E4
4.48124062031015580E8	-1.10277332911281523E4
4.48424212106053055E8	-1.10404722588801429E4
4.48724362181090530E8	-1.10538573454762323E4
4.49024512256128094E8	-1.10674038947891518E4
4.49324662331165570E8	-1.10806179552581119E4
4.49624812406203045E8	-1.10931257825334306E4
4.49924962481240609E8	-1.11047272845385536E4
4.50225112556278084E8	-1.11153704502662021E4
4.50525262631315648E8	-1.11250932316501649E4
4.50825412706353212E8	-1.11339721160441663E4
4.51125562781390776E8	-1.11420903947259875E4
4.51425712856428163E8	-1.11495233874967603E4
4.51725862931465816E8	-1.11563341689142126E4
4.52026013006503202E8	-1.11625746945837134E4
4.52326163081540766E8	-1.11682892953345125E4
4.52626313156578330E8	-1.11735189446532401E4
4.52926463231615895E8	-1.11783054634077073E4
4.53226613306653370E8	-1.11826951383865736E4
4.53526763381690845E8	-1.11867413203319388E4
4.53826913456728409E8	-1.11905056006966630E4
4.54127063531765884E8	-1.11940572666582483E4
4.54427213606803271E8	-1.11974709673870865E4
4.54727363681840835E8	-1.12008228713664648E4
4.55027513756878488E8	-1.12041859496162743E4
4.55327663831915874E8	-1.12076252253509345E4
4.55627813906953527E8	-1.12111937971469522E4
4.55927963981991002E8	-1.12149301736792828E4
4.56228114057028478E8	-1.12188570982180935E4
4.56528264132065953E8	-1.12229817236866869E4
4.56828414207103517E8	-1.12272968272132290E4
4.57128564282140992E8	-1.12317827291535122E4
4.57428714357178556E8	-1.12364096579400408E4
4.57728864432216120E8	-1.12411404108732471E4
4.58029014507253684E8	-1.12459332683877267E4
4.58329164582290982E8	-1.12507452076666103E4
4.58629314657328635E8	-1.12555355495049447E4
4.58929464732366199E8	-1.12602702844671998E4
4.59229614807403586E8	-1.12649275154073347E4
4.59529764882441150E8	-1.12695047829008166E4
4.59829914957478714E8	-1.12740296650034222E4
4.60130065032516278E8	-1.12785762912724974E4
4.60430215107553664E8	-1.12832931722729835E4
4.60730365182591228E8	-1.12884543370879031E4
4.61030515257628704E8	-1.12945625066880329E4
4.61330665332666268E8	-1.13025758359461181E4
4.61630815407703832E8	-1.13144175866357988E4
4.61930965482741396E8	-1.13337842351093654E4
4.62231115557778871E8	-1.13639950168106840E4
4.62531265632816435E8	-1.13962276622955727E4
4.62831415707853910E8	-1.14184661810659160E4
4.63131565782891474E8	-1.14323355008464667E4
4.63431715857928950E8	-1.14418946164723900E4
4.63731865932966514E8	-1.14493595306398710E4
4.64032016008003989E8	-1.14557956363123603E4
4.64332166083041464E8	-1.14617277309516830E4
4.64632316158079117E8	-1.14674176039301301E4
4.64932466233116592E8	-1.14729878863383905E4
4.65232616308153979E8	-1.14784815381616911E4
4.65532766383191632E8	-1.14838934837839179E4
4.65832916458229196E8	-1.14891895376365616E4
4.66133066533266494E8	-1.14943191237894005E4
4.66433216608304235E8	-1.14992246106574525E4
4.66733366683341799E8	-1.15038484923809992E4
4.67033516758379186E8	-1.15081390148053986E4
4.67333666833416661E8	-1.15120546397536061E4
4.67633816908454314E8	-1.15155676443682298E4
4.67933966983491700E8	-1.15186670014654813E4
4.68234117058529264E8	-1.15213604027653260E4
4.68534267133566829E8	-1.15236749590620313E4
4.68834417208604304E8	-1.15256558851195723E4
4.69134567283641779E8	-1.15273625575909788E4
4.69434717358679343E8	-1.15288618101915263E4
4.69734867433716907E8	-1.15302190624876499E4
4.70035017508754294E8	-1.15314884977605603E4
4.70335167583791769E8	-1.15327036264648219E4
4.70635317658829333E8	-1.15338690774980090E4
4.70935467733866808E8	-1.15349535934845138E4
4.71235617808904284E8	-1.15358833920275283E4
4.71535767883942025E8	-1.15365346773040267E4
4.71835917958979500E8	-1.15367244905404975E4
4.72136068034016887E8	-1.15362010636595413E4
4.72436218109054451E8	-1.15346404583098083E4
4.72736368184092193E8	-1.15316696823984199E4
4.73036518259129490E8	-1.15269594598476433E4
4.73336668334167054E8	-1.15204363495400774E4
4.73636818409204619E8	-1.15125582221156897E4
4.73936968484242094E8	-1.15043478702362489E4
4.74237118559279569E8	-1.14969293188652477E4
4.74537268634317133E8	-1.14909569989550286E4
4.74837418709354697E8	-1.14864968348793961E4
4.75137568784392172E8	-1.14832698956169743E4
4.75437718859429737E8	-1.14809033092107904E4
4.75737868934467212E8	-1.14790609931799814E4
4.76038019009504687E8	-1.14774887100520662E4
4.76338169084542251E8	-1.14760223701308539E4
4.76638319159579815E8	-1.14745839370342440E4
4.76938469234617202E8	-1.14731716553486951E4
4.77238619309654855E8	-1.14718443820436700E4
4.77538769384692241E8	-1.14706998604182742E4
4.77838919459729805E8	-1.14698500545829241E4
4.78139069534767458E8	-1.14693992974660119E4
4.78439219609804933E8	-1.14694303831273259E4
4.78739369684842409E8	-1.14700003072758649E4
4.79039519759879973E8	-1.14711437898554003E4
4.79339669834917448E8	-1.14728810766445033E4
4.79639819909955101E8	-1.14752269140643559E4
4.79939969984992487E8	-1.14781989322323419E4
4.80240120060030051E8	-1.14818249988867960E4
4.80540270135067527E8	-1.14861500659568927E4
4.80840420210105002E8	-1.14912438234202496E4
4.81140570285142566E8	-1.14972116391211587E4
4.81440720360180130E8	-1.15042139837076807E4
4.81740870435217605E8	-1.15125067921042912E4
4.82041020510254992E8	-1.15225358190088056E4
4.82341170585292733E8	-1.15351804709083616E4
4.82641320660330120E8	-1.15524340435311768E4
4.82941470735367684E8	-1.15791178396177119E4
4.83241620810405159E8	-1.16217453734687259E4
4.83541770885442723E8	-1.16660130159200115E4
4.83841920960480198E8	-1.16944138352657601E4
4.84142071035517674E8	-1.17125383045814635E4
4.84442221110555238E8	-1.17256396505408134E4
4.84742371185592624E8	-1.17358924727952463E4
4.85042521260630277E8	-1.17442372662430428E4
4.85342671335667841E8	-1.17511593066313624E4
4.85642821410705317E8	-1.17569692092440858E4
4.85942971485742792E8	-1.17619102634872896E4
4.86243121560780356E8	-1.17662004280293386E4
4.86543271635817920E8	-1.17700455831165085E4
4.86843421710855484E8	-1.17736386263374060E4
4.87143571785892870E8	-1.17771525137446553E4
4.87443721860930523E8	-1.17807329412491679E4
4.87743871935967910E8	-1.17844941432434736E4
4.88044022011005474E8	-1.17885188007362962E4
4.88344172086043038E8	-1.17928611193339861E4
4.88644322161080602E8	-1.17975513324504888E4
4.88944472236118077E8	-1.18026000705585332E4
4.89244622311155553E8	-1.18080016680561539E4
4.89544772386193117E8	-1.18137361144002395E4
4.89844922461230592E8	-1.18197697792402456E4
4.90145072536268156E8	-1.18260552522410167E4
4.90445222611305631E8	-1.18325306950189413E4
4.90745372686343106E8	-1.18391190884001785E4
4.91045522761380671E8	-1.18457277354393531E4
4.91345672836418323E8	-1.18522483884418350E4
4.91645822911455621E8	-1.18585584440389358E4
4.91945972986493274E8	-1.18645237952899829E4
4.92246123061530749E8	-1.18700041948954049E4
4.92546273136568225E8	-1.18748623803715159E4
4.92846423211605789E8	-1.18789786590848467E4
4.93146573286643441E8	-1.18822725887168135E4
4.93446723361680917E8	-1.18847314609428811E4
4.93746873436718392E8	-1.18864398187150799E4
4.94047023511755956E8	-1.18875959846453316E4
4.94347173586793520E8	-1.18884979154828541E4
4.94647323661830907E8	-1.18894923856442603E4
4.94947473736868382E8	-1.18909061476472200E4
4.95247623811905946E8	-1.18929921142637740E4
4.95547773886943421E8	-1.18959109773348026E4
4.95847923961980985E8	-1.18997436643844035E4
4.96148074037018549E8	-1.19045168500720466E4
4.96448224112056025E8	-1.19102266856221983E4
4.96748374187093411E8	-1.19168545241470869E4
4.97048524262130975E8	-1.19243746333166412E4
4.97348674337168539E8	-1.19327563756875632E4
4.97648824412206103E8	-1.19419636244561689E4
4.97948974487243490E8	-1.19519536377241353E4
4.98249124562281231E8	-1.19626768308526188E4
4.98549274637318707E8	-1.19740779969002653E4
4.98849424712356182E8	-1.19860985927565333E4
4.99149574787393568E8	-1.19986788233272357E4
4.99449724862431133E8	-1.20117575507130026E4
4.99749874937468697E8	-1.20252677184751744E4
5.00050025012506261E8	-1.20391255011630038E4
5.00350175087543736E8	-1.20532136947590685E4
5.00650325162581211E8	-1.20673646191026007E4
5.00950475237618775E8	-1.20813532662791201E4
5.01250625312656339E8	-1.20949119091675183E4
5.01550775387693815E8	-1.21077674523453749E4
5.01850925462731379E8	-1.21196870334638107E4
5.02151075537768854E8	-1.21305104922403340E4
5.02451225612806329E8	-1.21401578475073002E4
5.02751375687843982E8	-1.21486156968521386E4
5.03051525762881457E8	-1.21559147186893068E4
5.03351675837919021E8	-1.21621089273590011E4
5.03651825912956408E8	-1.21672620116210561E4
5.03951975987993883E8	-1.21714419091241788E4
5.04252126063031447E8	-1.21747227337081654E4
5.04552276138069011E8	-1.21771922144387834E4
5.04852426213106575E8	-1.21789617317008303E4
5.05152576288144139E8	-1.21801744955987390E4
5.05452726363181615E8	-1.21810063489653553E4
5.05752876438219090E8	-1.21816549983622124E4
5.06053026513256654E8	-1.21823182474786718E4
5.06353176588294041E8	-1.21831678775180152E4
5.06653326663331605E8	-1.21843286126254235E4
5.06953476738369169E8	-1.21858687010153766E4
5.07253626813406733E8	-1.21878026132809425E4
5.07553776888444208E8	-1.21901017865329586E4
5.07853926963481861E8	-1.21927082709429913E4
5.08154077038519247E8	-1.21955474934504093E4
5.08454227113556634E8	-1.21985382575552959E4
5.08754377188594198E8	-1.22015994814477113E4
5.09054527263631940E8	-1.22046538730937515E4
5.09354677338669326E8	-1.22076289603575505E4
5.09654827413706890E8	-1.22104558119145912E4
5.09954977488744454E8	-1.22130654890318624E4
5.10255127563781841E8	-1.22153826646526387E4
5.10555277638819316E8	-1.22173146452389036E4
5.10855427713856880E8	-1.22187313868630776E4
5.11155577788894444E8	-1.22194256091439413E4
5.11455727863931919E8	-1.22190242932491211E4
5.11755877938969483E8	-1.22167678986996231E4
5.12056028014007047E8	-1.22108876639312136E4
5.12356178089044523E8	-1.21967751373737632E4
5.12656328164081998E8	-1.21653990097203635E4
5.12956478239119473E8	-1.21272789390758895E4
5.13256628314157037E8	-1.21070769715377580E4
5.13556778389194601E8	-1.20987879641600005E4
5.13856928464232077E8	-1.20956913195551619E4
5.14157078539269641E8	-1.20951999092099727E4
5.14457228614307205E8	-1.20962909028869992E4
5.14757378689344769E8	-1.20985079072072521E4
5.15057528764382155E8	-1.21016176950911469E4
5.15357678839419542E8	-1.21054772664091548E4
5.15657828914457195E8	-1.21099760721275174E4
5.15957978989494759E8	-1.21150095654353440E4
5.16258129064532234E8	-1.21204683771672284E4
5.16558279139569798E8	-1.21262366859246606E4
5.16858429214607362E8	-1.21321962250326254E4
5.17158579289644749E8	-1.21382329968327896E4
5.17458729364682313E8	-1.21442439745745823E4
5.17758879439719877E8	-1.21501416873977397E4
5.18059029514757441E8	-1.21558556437374721E4
5.18359179589794827E8	-1.21613306488266715E4
5.18659329664832480E8	-1.21665227731851777E4
5.18959479739869955E8	-1.21713939002703908E4
5.19259629814907520E8	-1.21759055557951035E4
5.19559779889944906E8	-1.21800123271894600E4
5.19859929964982470E8	-1.21836547857773292E4
5.20160080040019857E8	-1.21867515082302291E4
5.20460230115057598E8	-1.21891895777384063E4
5.20760380190094985E8	-1.21908129049567426E4
5.21060530265132549E8	-1.21914081288311849E4
5.21360680340170113E8	-1.21906895821187322E4
5.21660830415207588E8	-1.21882900412028139E4
5.21960980490245152E8	-1.21837770765871078E4
5.22261130565282539E8	-1.21767393364559995E4
5.22561280640320103E8	-1.21670033330043981E4
5.22861430715357756E8	-1.21549576280459370E4
5.23161580790395142E8	-1.21417023381668576E4
5.23461730865432617E8	-1.21286856408198473E4
5.23761880940470270E8	-1.21170917832185165E4
5.24062031015507568E8	-1.21075718708797564E4
5.24362181090545132E8	-1.21003391387909653E4
5.24662331165582696E8	-1.20953322788753903E4
5.24962481240620260E8	-1.20923347820735261E4
5.25262631315657735E8	-1.20910606713988744E4
5.25562781390695299E8	-1.20912146501136331E4
5.25862931465732864E8	-1.20925270495231230E4
5.26163081540770339E8	-1.20947685192106436E4
5.26463231615807903E8	-1.20977521952941935E4
5.26763381690845467E8	-1.21013297839419387E4
5.27063531765882853E8	-1.21053854909353609E4
5.27363681840920417E8	-1.21098297452504733E4
5.27663831915958070E8	-1.21145934930761401E4
5.27963981990995546E8	-1.21196232544089311E4
5.28264132066033021E8	-1.21248768815570118E4
5.28564282141070585E8	-1.21303198650931465E4
5.28864432216108060E8	-1.21359220118245248E4
5.29164582291145624E8	-1.21416543243825892E4
5.29464732366183188E8	-1.21474859189440743E4
5.29764882441220575E8	-1.21533808214673700E4
5.30065032516258050E8	-1.21592944610096798E4
5.30365182591295614E8	-1.21651696274462884E4
5.30665332666333267E8	-1.21709315412650687E4
5.30965482741370565E8	-1.21764814606708005E4
5.31265632816407951E8	-1.21816878624851399E4
5.31565782891445693E8	-1.21863736067697093E4
5.31865932966483079E8	-1.21902965798554996E4
5.32166083041520643E8	-1.21931202372102132E4
5.32466233116558296E8	-1.21943699250350224E4
5.32766383191595860E8	-1.21933723596382104E4
5.33066533266633336E8	-1.21891746244062094E4
5.33366683341670722E8	-1.21803597259665186E4
5.33666833416708464E8	-1.21639804167738008E4
5.33966983491745673E8	-1.21292562065903953E4
5.34267133566783414E8	-1.20656571736065987E4
5.34567283641820978E8	-1.20301182709858079E4
5.34867433716858365E8	-1.20170506200595262E4
5.35167583791896018E8	-1.20121133213529530E4
5.35467733866933493E8	-1.20110614922092873E4
5.35767883941971057E8	-1.20122617539001975E4
5.36068034017008443E8	-1.20149124964586496E4
5.36368184092046008E8	-1.20185620948270255E4
5.36668334167083394E8	-1.20229345308387070E4
5.36968484242121136E8	-1.20278513958057287E4
5.37268634317158522E8	-1.20331917927214516E4
5.37568784392196086E8	-1.20388697405589218E4
5.37868934467233650E8	-1.20448206514343759E4
5.38169084542271126E8	-1.20509929635148216E4
5.38469234617308512E8	-1.20573429571652557E4
5.38769384692346076E8	-1.20638316923879807E4
5.39069534767383729E8	-1.20704234388660603E4
5.39369684842421115E8	-1.20770851715164773E4
5.39669834917458680E8	-1.20837867902504792E4
5.39969984992496155E8	-1.20905017621830169E4
5.40270135067533719E8	-1.20972079190347115E4
5.40570285142571283E8	-1.21038881925900688E4
5.40870435217608847E8	-1.21105311375903790E4
5.41170585292646411E8	-1.21171311673333215E4
5.41470735367683798E8	-1.21236884951066748E4
5.41770885442721362E8	-1.21302088223877336E4
5.42071035517758837E8	-1.21367028418554623E4
5.42371185592796401E8	-1.21431856258715554E4
5.42671335667833965E8	-1.21496759605216242E4
5.42971485742871440E8	-1.21561956643485058E4
5.43271635817908827E8	-1.21627689070431910E4
5.43571785892946391E8	-1.21694215242719217E4
5.43871935967983866E8	-1.21761803022716730E4
5.44172086043021430E8	-1.21830721882931714E4
5.44472236118059083E8	-1.21901233625176553E4
5.44772386193096381E8	-1.21973580734139619E4
5.45072536268133945E8	-1.22047970775240233E4
5.45372686343171686E8	-1.22124553934973257E4
5.45672836418209073E8	-1.22203388207565244E4
5.45972986493246459E8	-1.22284381932373121E4
5.46273136568284290E8	-1.22367196837338277E4
5.46573286643321588E8	-1.22451093688887025E4
5.46873436718359152E8	-1.22534737689460327E4
5.47173586793396804E8	-1.22616123054916026E4
5.47473736868434280E8	-1.22693044336193435E4
5.47773886943471489E8	-1.22764478288146384E4
5.48074037018509319E8	-1.22831947157433818E4
5.48374187093546883E8	-1.22898786355832135E4
5.48674337168584181E8	-1.22967680851696315E4
5.48974487243621834E8	-1.23039381428040739E4
5.49274637318659398E8	-1.23113290458605462E4
5.49574787393696873E8	-1.23188436827785108E4
5.49874937468734259E8	-1.23263998914692974E4
5.50175087543771735E8	-1.23339436907738542E4
5.50475237618809210E8	-1.23414463355213577E4
5.50775387693846952E8	-1.23488978558546991E4
5.51075537768884516E8	-1.23563013387742271E4
5.51375687843921902E8	-1.23636686976993215E4
5.51675837918959378E8	-1.23710176440857644E4
5.51975987993996942E8	-1.23783694107307429E4
5.52276138069034506E8	-1.23857468405788085E4
5.52576288144071981E8	-1.23931725494391909E4
5.52876438219109545E8	-1.24006669608733056E4
5.53176588294146931E8	-1.24082461051605653E4
5.53476738369184496E8	-1.24159191927955526E4
5.53776888444222060E8	-1.24236861267567433E4
5.54077038519259535E8	-1.24315352977429727E4
5.54377188594297188E8	-1.24394421724858462E4
5.54677338669334663E8	-1.24473692441463823E4
5.54977488744372227E8	-1.24552677788410349E4
5.55277638819409702E8	-1.24630814229553044E4
5.55577788894447266E8	-1.24707512190958569E4
5.55877938969484831E8	-1.24782211239645702E4
5.56178089044522217E8	-1.24854429531207534E4
5.56478239119559692E8	-1.24923798902675665E4
5.56778389194597256E8	-1.24990081754940574E4
5.57078539269634909E8	-1.25053171066964675E4
5.57378689344672207E8	-1.25113078419090518E4
5.57678839419709771E8	-1.25169916249325675E4
5.57978989494747335E8	-1.25223880079653527E4
5.58279139569784899E8	-1.25275235354260639E4
5.58579289644822197E8	-1.25324312667332061E4
5.58879439719859938E8	-1.25371515379603604E4
5.59179589794897502E8	-1.25417345519001033E4
5.59479739869934889E8	-1.25462458548798450E4
5.59779889944972631E8	-1.25507766858775494E4
5.60080040020010106E8	-1.25554629322854039E4
5.60380190095047404E8	-1.25605194398367503E4
5.60680340170085145E8	-1.25663003640221937E4
5.60980490245122621E8	-1.25733943250728286E4
5.61280640320160096E8	-1.25827158776756010E4
5.61580790395197660E8	-1.25953199141540306E4
5.61880940470235224E8	-1.26111985620345268E4
5.62181090545272699E8	-1.26275074633151774E4
5.62481240620310263E8	-1.26403868313900558E4
5.62781390695347650E8	-1.26488359394188588E4
5.63081540770385125E8	-1.26542035695855049E4
5.63381690845422689E8	-1.26581212303980739E4
5.63681840920460075E8	-1.26617206051342523E4
5.63981990995497640E8	-1.26656227290621759E4
5.64282141070535381E8	-1.26701010958274085E4
5.64582291145572768E8	-1.26752249864173083E4
5.64882441220610154E8	-1.26809507194100046E4
5.65182591295647718E8	-1.26871736970498761E4
5.65482741370685282E8	-1.26937592355977769E4
5.65782891445722846E8	-1.27005639358320233E4
5.66083041520760410E8	-1.27074523692719632E4
5.66383191595797797E8	-1.27143094695517722E4
5.66683341670835361E8	-1.27210476805525863E4
5.66983491745873103E8	-1.27276086619919604E4
5.67283641820910489E8	-1.27339606489758461E4
5.67583791895947876E8	-1.27400933060605626E4
5.67883941970985529E8	-1.27460118442131209E4
5.68184092046023004E8	-1.27517316149434468E4
5.68484242121060568E8	-1.27572737674364212E4
5.68784392196098043E8	-1.27626620949589897E4
5.69084542271135696E8	-1.27679209458016230E4
5.69384692346173082E8	-1.27730739873604793E4
5.69684842421210647E8	-1.27781436250100322E4
5.69984992496248033E8	-1.27831509473228944E4
5.70285142571285597E8	-1.27881161945841937E4
5.70585292646323072E8	-1.27930599900770936E4
5.70885442721360725E8	-1.27980061183306271E4
5.71185592796398200E8	-1.28029880325242740E4
5.71485742871435587E8	-1.28080652901868541E4
5.71785892946473151E8	-1.28133691011600304E4
5.72086043021510715E8	-1.28192458231311823E4
5.72386193096548013E8	-1.28268116098674301E4
5.72686343171585754E8	-1.28410336155847249E4
5.72986493246623230E8	-1.28957730287643524E4
5.73286643321660705E8	-1.29626399859526376E4
5.73586793396698447E8	-1.29755484261067933E4
5.73886943471736011E8	-1.29773272648516524E4
5.74187093546773308E8	-1.29760521977229826E4
5.74487243621810872E8	-1.29745821270996320E4
5.74787393696848437E8	-1.29742698204223261E4
5.75087543771885912E8	-1.29754643691895066E4
5.75387693846923476E8	-1.29779759222832447E4
5.75687843921961040E8	-1.29814589724729834E4
5.75987993996998515E8	-1.29855982311485674E4
5.76288144072035902E8	-1.29901609016434638E4
5.76588294147073466E8	-1.29949930507210820E4
5.76888444222110941E8	-1.30000007548339758E4
5.77188594297148505E8	-1.30051312623834492E4
5.77488744372186069E8	-1.30103582614090274E4
5.77788894447223633E8	-1.30156714191371981E4
5.78089044522261020E8	-1.30210693141299494E4
5.78389194597298584E8	-1.30265548147950772E4
5.78689344672336148E8	-1.30321321576031246E4
5.78989494747373623E8	-1.30378051894416735E4
5.79289644822411187E8	-1.30435764008631971E4
5.79589794897448662E8	-1.30494464716773240E4
5.79889944972486227E8	-1.30554141030633053E4
5.80190095047523791E8	-1.30614759266165992E4
5.80490245122561355E8	-1.30676262847601654E4
5.80790395197598919E8	-1.30738566782499532E4
5.81090545272636305E8	-1.30801546836505334E4
5.81390695347673692E8	-1.30865021518589564E4
5.81690845422711345E8	-1.30928725026876114E4
5.81990995497748820E8	-1.30992268837640857E4
5.82291145572786384E8	-1.31055088077136195E4
5.82591295647823948E8	-1.31116364596957680E4
5.82891445722861512E8	-1.31174908570538618E4
5.83191595797898898E8	-1.31228956848905143E4
5.83491745872936463E8	-1.31275788649626213E4
5.83791895947974027E8	-1.31310901391945345E4
5.84092046023011413E8	-1.31325963980448646E4
5.84392196098048977E8	-1.31302343239834829E4
5.84692346173086541E8	-1.31177126962725388E4
5.84992496248123839E8	-1.30400662116744459E4
5.85292646323161581E8	-1.29568781164385971E4
5.85592796398199056E8	-1.29287722568817065E4
5.85892946473236531E8	-1.29123584894885823E4
5.86193096548274184E8	-1.29045496982121088E4
5.86493246623311570E8	-1.29021236809386530E4
5.86793396698349135E8	-1.29028197023858926E4
5.87093546773386787E8	-1.29053748096343845E4
5.87393696848424263E8	-1.29090979118645532E4
5.87693846923461738E8	-1.29135960824668872E4
5.87993996998499302E8	-1.29186337821842634E4
5.88294147073536688E8	-1.29240615215189836E4
5.88594297148574253E8	-1.29297785714747215E4
5.88894447223611905E8	-1.29357127613549805E4
5.89194597298649292E8	-1.29418092529167983E4
5.89494747373686767E8	-1.29480242693478931E4
5.89794897448724331E8	-1.29543216752217449E4
5.90095047523761895E8	-1.29606712375516464E4
5.90395197598799282E8	-1.29670478721312699E4
5.90695347673836846E8	-1.29734314365185210E4
5.90995497748874410E8	-1.29798067838047082E4
5.91295647823911885E8	-1.29861638925178169E4
5.91595797898949449E8	-1.29924979601927815E4
5.91895947973987013E8	-1.29988094038377966E4
5.92196098049024489E8	-1.30051037462607155E4
5.92496248124062053E8	-1.30113913932911252E4
5.92796398199099439E8	-1.30176873197416776E4
5.93096548274136914E8	-1.30240106840057868E4
5.93396698349174745E8	-1.30303843879474179E4
5.93696848424212131E8	-1.30368345917191464E4
5.93996998499249695E8	-1.30433901868109525E4
5.94297148574287171E8	-1.30500822235901337E4
5.94597298649324735E8	-1.30569432952161013E4
5.94897448724361944E8	-1.30640068915673768E4
5.95197598799399774E8	-1.30713067759677837E4
5.95497748874437338E8	-1.30788765025666898E4
5.95797898949474725E8	-1.30867493102136523E4
5.96098049024512289E8	-1.30949587896949882E4
5.96398199099549853E8	-1.31035408903860762E4
5.96698349174587328E8	-1.31125377645982399E4
5.96998499249624892E8	-1.31220027743978518E4
5.97298649324662279E8	-1.31320009288678863E4
5.97598799399699843E8	-1.31425831994464160E4
5.97898949474737407E8	-1.31536806613560486E4
5.98199099549774882E8	-1.31648685907288110E4
5.98499249624812357E8	-1.31752201754093901E4
5.98799399699849921E8	-1.31838711113230755E4
5.99099549774887485E8	-1.31909404649189632E4
5.99399699849924872E8	-1.31972780981068416E4
5.99699849924962347E8	-1.32035468152487345E4
6.00000000000000000E8	-1.32099719630568346E4


