freq	unwrap(phase(fs(V_import_4,0Hz, 600MHz,2000,,,,0 nsec,250nsec)))-unwrap(phase(fs(V_import_3,0Hz, 600MHz,2000,,,,0 nsec,250nsec)))
0.00000000000000000E0	2.66664055791530297E-11
3.00150075037518782E5	-1.03176270649932578E1
6.00300150075037564E5	-2.06998145668766620E1
9.00450225112556168E5	-3.12085166498238076E1
1.20060030015007513E6	-4.19000248592753088E1
1.50075037518759391E6	-5.28211028377971381E1
1.80090045022511225E6	-6.40041855164010620E1
2.10105052526263147E6	-7.54619535852449008E1
2.40120060030015026E6	-8.71822452369197798E1
2.70135067533766859E6	-9.91249696408056202E1
3.00150075037518782E6	-1.11223011099436109E2
3.30165082541270616E6	-1.23388528652190588E2
3.60180090045022450E6	-1.35524380103652442E2
3.90195097548774328E6	-1.47538290205801892E2
4.20210105052526295E6	-1.59356117794529029E2
4.50225112556278084E6	-1.70931039174696475E2
4.80240120060030051E6	-1.82247313836070779E2
5.10255127563781841E6	-1.93319269895170187E2
5.40270135067533719E6	-2.04187207596606513E2
5.70285142571285597E6	-2.14911881010904793E2
6.00300150075037564E6	-2.25568509388580907E2
6.30315157578789353E6	-2.36240430234321597E2
6.60330165082541232E6	-2.47011873438373364E2
6.90345172586293199E6	-2.57959109421772625E2
7.20360180090044899E6	-2.69139596954010463E2
7.50375187593796955E6	-2.80579927405136020E2
7.80390195097548656E6	-2.92265291154505347E2
8.10405202601300800E6	-3.04135050211152125E2
8.40420210105052590E6	-3.16088990811405690E2
8.70435217608804557E6	-3.28005382001909274E2
9.00450225112556168E6	-3.39766093845594686E2
9.30465232616308313E6	-3.51279898309078353E2
9.60480240120060103E6	-3.62496260276159532E2
9.90495247623811892E6	-3.73407357828992748E2
1.02051025512756377E7	-3.84041295406516303E2
1.05052526263131552E7	-3.94451429396921194E2
1.08054027013506748E7	-4.04705740786679868E2
1.11055527763881945E7	-4.14878171547679564E2
1.14057028514257119E7	-4.25042220612187993E2
1.17058529264632316E7	-4.35266255436934735E2
1.20060030015007513E7	-4.45609788158077791E2
1.23061530765382687E7	-4.56120119200938490E2
1.26063031515757862E7	-4.66829087427804446E2
1.29064532266133059E7	-4.77750096563306847E2
1.32066033016508255E7	-4.88876008211037316E2
1.35067533766883452E7	-5.00178770367674641E2
1.38069034517258649E7	-5.11611593554028055E2
1.41070535267633801E7	-5.23113975273511400E2
1.44072036018008975E7	-5.34619006687929854E2
1.47073536768384172E7	-5.46061570059214318E2
1.50075037518759391E7	-5.57385696176430478E2
1.53076538269134566E7	-5.68549713422186898E2
1.56078039019509740E7	-5.79528650443624382E2
1.59079539769884981E7	-5.90314197649414840E2
1.62081040520260156E7	-6.00913022510826078E2
1.65082541270635308E7	-6.11344297410537596E2
1.68084042021010527E7	-6.21637076252627185E2
1.71085542771385701E7	-6.31827840440982946E2
1.74087043521760920E7	-6.41958270134114883E2
1.77088544272136050E7	-6.52073118277857855E2
1.80090045022511225E7	-6.62217986937511682E2
1.83091545772886422E7	-6.72436796111612445E2
1.86093046523261663E7	-6.82768793474421187E2
1.89094547273636771E7	-6.93245087956902761E2
1.92096048024012012E7	-7.03884909125779057E2
1.95097548774387164E7	-7.14692100386996110E2
1.98099049524762383E7	-7.25652669565571262E2
2.01100550275137602E7	-7.36734402498952523E2
2.04102051025512754E7	-7.47889371251399915E2
2.07103551775887951E7	-7.59059535524354168E2
2.10105052526263103E7	-7.70184669948566114E2
2.13106553276638344E7	-7.81210992929007642E2
2.16108054027013496E7	-7.92098594755445884E2
2.19109554777388738E7	-8.02826229802088776E2
2.22111055527763890E7	-8.13392952392115376E2
2.25112556278139042E7	-8.23816945754665220E2
2.28114057028514239E7	-8.34132356747852199E2
2.31115557778889436E7	-8.44384977042705387E2
2.34117058529264632E7	-8.54627374930656103E2
2.37118559279639785E7	-8.64913796992984807E2
2.40120060030015026E7	-8.75294985578975471E2
2.43121560780390222E7	-8.85813055046211417E2
2.46123061530765375E7	-8.96496738646399294E2
2.49124562281140616E7	-9.07357594811720602E2
2.52126063031515724E7	-9.18387995869566431E2
2.55127563781890920E7	-9.29561730433935018E2
2.58129064532266117E7	-9.40837642050117040E2
2.61130565282641269E7	-9.52165942412647937E2
2.64132066033016510E7	-9.63495961192970718E2
2.67133566783391707E7	-9.74783588401917278E2
2.70135067533766904E7	-9.85996828273521331E2
2.73136568284142056E7	-9.97118615618752635E2
2.76138069034517297E7	-1.00814692916259663E3
2.79139569784892450E7	-1.01909287027472595E3
2.82141070535267602E7	-1.02997758363852321E3
2.85142571285642799E7	-1.04082877791201200E3
2.88144072036017951E7	-1.05167733538271646E3
2.91145572786393236E7	-1.06255424886713179E3
2.94147073536768344E7	-1.07348796030724092E3
2.97148574287143585E7	-1.08450211160198284E3
3.00150075037518782E7	-1.09561373277552820E3
3.03151575787893934E7	-1.10683194626299630E3
3.06153076538269131E7	-1.11815731839199395E3
3.09154577288644328E7	-1.12958200617100646E3
3.12156078039019480E7	-1.14109079514027001E3
3.15157578789394677E7	-1.15266300100806829E3
3.18159079539769962E7	-1.16427504397304871E3
3.21160580290145026E7	-1.17590334836930199E3
3.24162081040520311E7	-1.18752714216011923E3
3.27163581790895375E7	-1.19913075770317867E3
3.30165082541270616E7	-1.21070515865972683E3
3.33166583291645813E7	-1.22224859151669496E3
3.36168084042021054E7	-1.23376641171489076E3
3.39169584792396250E7	-1.24527023619619071E3
3.42171085542771403E7	-1.25677660659743151E3
3.45172586293146555E7	-1.26830532849037358E3
3.48174087043521840E7	-1.27987761737975281E3
3.51175587793897037E7	-1.29151414888887817E3
3.54177088544272101E7	-1.30323310391019986E3
3.57178589294647253E7	-1.31504832231899260E3
3.60180090045022450E7	-1.32696772555204379E3
3.63181590795397691E7	-1.33899221701716620E3
3.66183091545772843E7	-1.35111529249964568E3
3.69184592296148040E7	-1.36332355010870687E3
3.72186093046523325E7	-1.37559817019261321E3
3.75187593796898478E7	-1.38791724215460777E3
3.78189094547273541E7	-1.40025861163670751E3
3.81190595297648827E7	-1.41260277562946834E3
3.84192096048024023E7	-1.42493532735005113E3
3.87193596798399176E7	-1.43724856011821345E3
3.90195097548774328E7	-1.44954203424708328E3
3.93196598299149525E7	-1.46182211639911563E3
3.96198099049524766E7	-1.47410066493749148E3
3.99199599799899918E7	-1.48639312027199288E3
4.02201100550275203E7	-1.49871628891168740E3
4.05202601300650400E7	-1.51108609793011417E3
4.08204102051025508E7	-1.52351557779296809E3
4.11205602801400705E7	-1.53601330646356415E3
4.14207103551775901E7	-1.54858250664903774E3
4.17208604302151009E7	-1.56122092498377096E3
4.20210105052526206E7	-1.57392151287375603E3
4.23211605802901403E7	-1.58667379396620989E3
4.26213106553276688E7	-1.59946567004949891E3
4.29214607303651796E7	-1.61228532573324701E3
4.32216108054026993E7	-1.62512288469015909E3
4.35217608804402278E7	-1.63797154067241313E3
4.38219109554777475E7	-1.65082802135853024E3
4.41220610305152494E7	-1.66369238584926604E3
4.44222111055527780E7	-1.67656727448007214E3
4.47223611805902976E7	-1.68945679829369899E3
4.50225112556278084E7	-1.70236527697733631E3
4.53226613306653370E7	-1.71529602066972653E3
4.56228114057028478E7	-1.72825032191196248E3
4.59229614807403586E7	-1.74122678723822699E3
4.62231115557778871E7	-1.75422109439495988E3
4.65232616308154157E7	-1.76722621680470593E3
4.68234117058529264E7	-1.78023309794038087E3
4.71235617808904284E7	-1.79323169832140050E3
4.74237118559279569E7	-1.80621227712566967E3
4.77238619309654855E7	-1.81916672972229376E3
4.80240120060030051E7	-1.83208978832266789E3
4.83241620810405159E7	-1.84497991761123048E3
4.86243121560780445E7	-1.85783978432657948E3
4.89244622311155553E7	-1.87067625020599548E3
4.92246123061530749E7	-1.88349989847986810E3
4.95247623811905946E7	-1.89632415828494993E3
4.98249124562281231E7	-1.90916412430290672E3
5.01250625312656339E7	-1.92203518583325028E3
5.04252126063031447E7	-1.93495158520213151E3
5.07253626813406733E7	-1.94792503056540056E3
5.10255127563781841E7	-1.96096348394416209E3
5.13256628314157037E7	-1.97407024434191625E3
5.16258129064532234E7	-1.98724343312022889E3
5.19259629814907520E7	-2.00047596051483101E3
5.22261130565282539E7	-2.01375600963397172E3
5.25262631315657735E7	-2.02706801524509217E3
5.28264132066033021E7	-2.04039404557351745E3
5.31265632816408306E7	-2.05371543829866532E3
5.34267133566783414E7	-2.06701450320045499E3
5.37268634317158433E7	-2.08027609717260509E3
5.40270135067533808E7	-2.09348890485300965E3
5.43271635817908827E7	-2.10664631037729189E3
5.46273136568284112E7	-2.11974680747969435E3
5.49274637318659398E7	-2.13279396022092538E3
5.52276138069034594E7	-2.14579597252752530E3
5.55277638819409702E7	-2.15876495670454371E3
5.58279139569784899E7	-2.17171599924872982E3
5.61280640320160096E7	-2.18466611627247342E3
5.64282141070535204E7	-2.19763316974894662E3
5.67283641820910489E7	-2.21063479037143162E3
5.70285142571285597E7	-2.22368732421985360E3
5.73286643321660794E7	-2.23680480132886705E3
5.76288144072035902E7	-2.24999791755631051E3
5.79289644822411187E7	-2.26327303992906437E3
5.82291145572786473E7	-2.27663128862115327E3
5.85292646323161581E7	-2.29006780990418113E3
5.88294147073536688E7	-2.30357141873161941E3
5.91295647823911885E7	-2.31712481790947100E3
5.94297148574287171E7	-2.33070557270183754E3
5.97298649324662279E7	-2.34428789947220295E3
6.00300150075037564E7	-2.35784515284332130E3
6.03301650825412672E7	-2.37135270628682138E3
6.06303151575787869E7	-2.38479080543918176E3
6.09304652326163154E7	-2.39814697798462984E3
6.12306153076538262E7	-2.41141770658306642E3
6.15307653826913459E7	-2.42460926632906260E3
6.18309154577288655E7	-2.43773780794574879E3
6.21310655327663763E7	-2.45082888001792920E3
6.24312156078038960E7	-2.46391659419662057E3
6.27313656828414246E7	-2.47704256315324978E3
6.30315157578789353E7	-2.49025459385230352E3
6.33316658329164461E7	-2.50360493450271759E3
6.36318159079539925E7	-2.51714767061948796E3
6.39319659829914855E7	-2.53093469212784683E3
6.42321160580290051E7	-2.54500961300072159E3
6.45322661330665248E7	-2.55939930159145934E3
6.48324162081040622E7	-2.57410353233125688E3
6.51325662831415730E7	-2.58908481252949141E3
6.54327163581790749E7	-2.60426224055159938E3
6.57328664332166035E7	-2.61951396940801828E3
6.60330165082541232E7	-2.63469079908152803E3
6.63331665832916606E7	-2.64963850261265943E3
6.66333166583291625E7	-2.66422162239707916E3
6.69334667333666822E7	-2.67834058664098107E3
6.72336168084042107E7	-2.69193788948924695E3
6.75337668834417126E7	-2.70499444643444065E3
6.78339169584792501E7	-2.71752041298111546E3
6.81340670335167431E7	-2.72954482793040043E3
6.84342171085542805E7	-2.74110682692920715E3
6.87343671835917824E7	-2.75224945811225385E3
6.90345172586293110E7	-2.76301605101398318E3
6.93346673336668307E7	-2.77344866964197179E3
6.96348174087043681E7	-2.78358818902912608E3
6.99349674837418611E7	-2.79347580497220571E3
7.02351175587794074E7	-2.80315632541015791E3
7.05352676338169182E7	-2.81268472948163906E3
7.08354177088544201E7	-2.82214047188340356E3
7.11355677838919576E7	-2.83166379605995022E3
7.14357178589294506E7	-2.84156895076949700E3
7.17358679339669969E7	-2.85282784871066974E3
7.20360180090044899E7	-2.87091468655573934E3
7.23361680840420185E7	-2.98823571623100293E3
7.26363181590795381E7	-3.03572294006093779E3
7.29364682341170578E7	-3.04862570449294790E3
7.32366183091545686E7	-3.05775330804248346E3
7.35367683841920883E7	-3.06534553165602697E3
7.38369184592296079E7	-3.07160754969310634E3
7.41370685342671187E7	-3.07579857564555548E3
7.44372186093046651E7	-3.07476833757595980E3
7.47373686843421758E7	-3.05066862120996918E3
7.50375187593796955E7	-2.97958503364345573E3
7.53376688344172152E7	-2.96160305970525028E3
7.56378189094547082E7	-2.96114829885527620E3
7.59379689844922456E7	-2.96472886602530616E3
7.62381190595297653E7	-2.96971169783304401E3
7.65382691345672850E7	-2.97527825503158194E3
7.68384192096048046E7	-2.98108837390660542E3
7.71385692846423154E7	-2.98696670343176063E3
7.74387193596798351E7	-2.99280162349534296E3
7.77388694347173725E7	-2.99850302527923906E3
7.80390195097548656E7	-3.00397822260307867E3
7.83391695847923764E7	-3.00911097974276975E3
7.86393196598299049E7	-3.01373399090046723E3
7.89394697348674335E7	-3.01758206177632093E3
7.92396198099049531E7	-3.02020079099441707E3
7.95397698849424906E7	-3.02075574323807183E3
7.98399199599799836E7	-3.01764329658260344E3
8.01400700350174944E7	-3.00799987969859695E3
8.04402201100550407E7	-2.98941487164514896E3
8.07403701850925337E7	-2.96803367447845323E3
8.10405202601300800E7	-2.95429171248695743E3
8.13406703351675731E7	-2.94870268974293115E3
8.16408204102051016E7	-2.94805381186237758E3
8.19409704852426124E7	-2.95021465766199364E3
8.22411205602801409E7	-2.95408801840884605E3
8.25412706353176517E7	-2.95911174027990631E3
8.28414207103551803E7	-2.96498694012888864E3
8.31415707853926911E7	-2.97154864990442880E3
8.34417208604302019E7	-2.97870264213962521E3
8.37418709354677482E7	-2.98639274364773710E3
8.40420210105052412E7	-2.99458284034552147E3
8.43421710855427875E7	-3.00324630103735224E3
8.46423211605802805E7	-3.01235924177465586E3
8.49424712356178091E7	-3.02189574968822283E3
8.52426213106553377E7	-3.03182406530232917E3
8.55427713856928484E7	-3.04210329143429137E3
8.58429214607303592E7	-3.05268065251868359E3
8.61430715357678523E7	-3.06348969597674747E3
8.64432216108053986E7	-3.07445003211393830E3
8.67433716858429094E7	-3.08546912885781577E3
8.70435217608804557E7	-3.09644626028584691E3
8.73436718359179665E7	-3.10727808972627262E3
8.76438219109554950E7	-3.11786484857270052E3
8.79439719859930236E7	-3.12811596195599240E3
8.82441220610304988E7	-3.13795435962299596E3
8.85442721360680274E7	-3.14731939276549699E3
8.88444222111055559E7	-3.15616888882634239E3
8.91445722861430490E7	-3.16448112960616390E3
8.94447223611805953E7	-3.17225730534411365E3
8.97448724362181061E7	-3.17952434805582795E3
9.00450225112556168E7	-3.18633717271795103E3
9.03451725862931632E7	-3.19277864312900128E3
9.06453226613306740E7	-3.19895553482575101E3
9.09454727363681670E7	-3.20498977785913874E3
9.12456228114056955E7	-3.21100610485562044E3
9.15457728864432063E7	-3.21711893953939043E3
9.18459229614807171E7	-3.22342180408903989E3
9.21460730365182634E7	-3.22998139461053801E3
9.24462231115557742E7	-3.23683657011491865E3
9.27463731865933028E7	-3.24400096542169081E3
9.30465232616308313E7	-3.25146737037787492E3
9.33466733366683243E7	-3.25921227526742552E3
9.36468234117058529E7	-3.26719956311399429E3
9.39469734867433814E7	-3.27538285672890561E3
9.42471235617808567E7	-3.28370630213767223E3
9.45472736368184385E7	-3.29210357690941802E3
9.48474237118559138E7	-3.30049464489259492E3
9.51475737868934424E7	-3.30877918035091190E3
9.54477238619309709E7	-3.31682440562386649E3
9.57478739369684817E7	-3.32444272460846069E3
9.60480240120060103E7	-3.33134958343363996E3
9.63481740870435210E7	-3.33708159047455410E3
9.66483241620810318E7	-3.34083586121005283E3
9.69484742371185249E7	-3.34118452925302245E3
9.72486243121560889E7	-3.33586069841593513E3
9.75487743871935820E7	-3.32333853186144035E3
9.78489244622311105E7	-3.30822819452536709E3
9.81490745372686213E7	-3.29865090031629515E3
9.84492246123061499E7	-3.29609027658389886E3
9.87493746873436784E7	-3.29825684618470394E3
9.90495247623811892E7	-3.30322012341646731E3
9.93496748374186822E7	-3.30986244389529105E3
9.96498249124562463E7	-3.31756280264871606E3
9.99499749874937393E7	-3.32596545412451761E3
1.00250125062531259E8	-3.33485836632847121E3
1.00550275137568801E8	-3.34411168662244895E3
1.00850425212606298E8	-3.35364598531837022E3
1.01150575287643818E8	-3.36341549335648082E3
1.01450725362681338E8	-3.37339927523297423E3
1.01750875437718835E8	-3.38359694042958825E3
1.02051025512756377E8	-3.39402729634702061E3
1.02351175587793874E8	-3.40472929742425245E3
1.02651325662831416E8	-3.41576520547645668E3
1.02951475737868958E8	-3.42722621390063509E3
1.03251625812906456E8	-3.43924083436579764E3
1.03551775887943975E8	-3.45198565181845662E3
1.03851925962981495E8	-3.46569522653338558E3
1.04152076038018992E8	-3.48065961508056088E3
1.04452226113056512E8	-3.49717887278001305E3
1.04752376188094054E8	-3.51541719861772828E3
1.05052526263131552E8	-3.53511978007217564E3
1.05352676338169093E8	-3.55534759703012648E3
1.05652826413206613E8	-3.57462211853613443E3
1.05952976488244111E8	-3.59149449426456169E3
1.06253126563281652E8	-3.60482169988466250E3
1.06553276638319172E8	-3.61322979141900680E3
1.06853426713356692E8	-3.61366611589826814E3
1.07153576788394211E8	-3.59997348322112121E3
1.07453726863431687E8	-3.57498579021237273E3
1.07753876938469206E8	-3.56020935878296552E3
1.08054027013506770E8	-3.55747459980975123E3
1.08354177088544268E8	-3.56048290898576614E3
1.08654327163581765E8	-3.56608173922075533E3
1.08954477238619307E8	-3.57294541709932512E3
1.09254627313656827E8	-3.58047145869225369E3
1.09554777388694369E8	-3.58835622854272041E3
1.09854927463731888E8	-3.59642904446216516E3
1.10155077538769364E8	-3.60458064839299519E3
1.10455227613806928E8	-3.61272872211102491E3
1.10755377688844403E8	-3.62079881404749937E3
1.11055527763881945E8	-3.62871139564435685E3
1.11355677838919442E8	-3.63637004810275855E3
1.11655827913956984E8	-3.64364673235327885E3
1.11955977988994482E8	-3.65035891367782961E3
1.12256128064032024E8	-3.65622960339787806E3
1.12556278139069521E8	-3.66081364529518538E3
1.12856428214107041E8	-3.66336202474494987E3
1.13156578289144583E8	-3.66260703633942120E3
1.13456728364182102E8	-3.65668238526448297E3
1.13756878439219622E8	-3.64447784206422876E3
1.14057028514257119E8	-3.62959540880702125E3
1.14357178589294639E8	-3.61877026477527153E3
1.14657328664332159E8	-3.61402027487100241E3
1.14957478739369678E8	-3.61372080291282183E3
1.15257628814407176E8	-3.61613027338238613E3
1.15557778889444718E8	-3.62013732449528192E3
1.15857928964482237E8	-3.62508439373286695E3
1.16158079039519779E8	-3.63056918655394290E3
1.16458229114557299E8	-3.63632560800101157E3
1.16758379189594796E8	-3.64215580055573085E3
1.17058529264632316E8	-3.64788610410599023E3
1.17358679339669836E8	-3.65332844761341979E3
1.17658829414707333E8	-3.65822912519851240E3
1.17958979489744875E8	-3.66217322694705150E3
1.18259129564782373E8	-3.66436359871897199E3
1.18559279639819892E8	-3.66303244729941602E3
1.18859429714857434E8	-3.65386470543171882E3
1.19159579789894954E8	-3.62922288732454001E3
1.19459729864932451E8	-3.59810186379954455E3
1.19759879939969993E8	-3.58240544405849359E3
1.20060030015007513E8	-3.57816204412055061E3
1.20360180090045032E8	-3.57903606400728425E3
1.20660330165082530E8	-3.58229545313147213E3
1.20960480240120050E8	-3.58669082439435760E3
1.21260630315157569E8	-3.59134879180539812E3
1.21560780390195089E8	-3.59503631641855304E3
1.21860930465232631E8	-3.59637169628459485E3
1.22161080540270151E8	-3.59951111353393927E3
1.22461230615307648E8	-3.60780704309375633E3
1.22761380690345168E8	-3.61681510737362633E3
1.23061530765382687E8	-3.62514121073837847E3
1.23361680840420229E8	-3.63294138674187783E3
1.23661830915457727E8	-3.64042314998431138E3
1.23961980990495246E8	-3.64770415133701231E3
1.24262131065532744E8	-3.65484509152979342E3
1.24562281140570308E8	-3.66187665033060838E3
1.24862431215607783E8	-3.66881336088433585E3
1.25162581290645303E8	-3.67566009911809166E3
1.25462731365682845E8	-3.68241472536389702E3
1.25762881440720364E8	-3.68906856020200280E3
1.26063031515757862E8	-3.69560540898087009E3
1.26363181590795404E8	-3.70199932226621220E3
1.26663331665832901E8	-3.70821092254723794E3
1.26963481740870465E8	-3.71418176651372312E3
1.27263631815907985E8	-3.71982571167578602E3
1.27563781890945460E8	-3.72501545542020107E3
1.27863931965982980E8	-3.72956108779784312E3
1.28164082041020500E8	-3.73317554125396622E3
1.28464232116058019E8	-3.73542019966209793E3
1.28764382191095539E8	-3.73562966120272577E3
1.29064532266133059E8	-3.73285966544663106E3
1.29364682341170578E8	-3.72608078615996297E3
1.29664832416208120E8	-3.71513341386020945E3
1.29964982491245618E8	-3.70210704204016627E3
1.30265132566283137E8	-3.69021872047294863E3
1.30565282641320635E8	-3.68064118528896866E3
1.30865432716358154E8	-3.67214234814693352E3
1.31165582791395674E8	-3.66250376069309880E3
1.31465732866433216E8	-3.64976205760441141E3
1.31765882941470713E8	-3.63431861949288626E3
1.32066033016508255E8	-3.62021311030763204E3
1.32366183091545797E8	-3.61099230364672730E3
1.32666333166583317E8	-3.60673757938340733E3
1.32966483241620770E8	-3.60605070997164745E3
1.33266633316658334E8	-3.60767345784112692E3
1.33566783391695854E8	-3.61075979905352540E3
1.33866933466733373E8	-3.61476860159997893E3
1.34167083541770848E8	-3.61934679914103707E3
1.34467233616808413E8	-3.62425416547105428E3
1.34767383691845932E8	-3.62931922336356738E3
1.35067533766883430E8	-3.63441344036802505E3
1.35367683841920949E8	-3.63943557945208784E3
1.35667833916958491E8	-3.64430159768518092E3
1.35967983991995967E8	-3.64893751206188899E3
1.36268134067033486E8	-3.65327375225681195E3
1.36568284142071072E8	-3.65724011201679611E3
1.36868434217108570E8	-3.66076073694633042E3
1.37168584292146045E8	-3.66374881074608449E3
1.37468734367183565E8	-3.66610087272263163E3
1.37768884442221129E8	-3.66769125512719674E3
1.38069034517258626E8	-3.66836840801572972E3
1.38369184592296124E8	-3.66795760500407741E3
1.38669334667333666E8	-3.66627939495971367E3
1.38969484742371208E8	-3.66319874584155158E3
1.39269634817408727E8	-3.65871671173623714E3
1.39569784892446225E8	-3.65308325280297685E3
1.39869934967483722E8	-3.64684280510951320E3
1.40170085042521286E8	-3.64070949422362133E3
1.40470235117558806E8	-3.63531323905435944E3
1.40770385192596281E8	-3.63101213544517520E3
1.41070535267633845E8	-3.62788393156921529E3
1.41370685342671321E8	-3.62582742191595253E3
1.41670835417708840E8	-3.62466626995679286E3
1.41970985492746382E8	-3.62421162000322727E3
1.42271135567783924E8	-3.62428800390913830E3
1.42571285642821399E8	-3.62473816551171391E3
1.42871435717858897E8	-3.62541817134826783E3
1.43171585792896439E8	-3.62618857074659084E3
1.43471735867934003E8	-3.62690389927544032E3
1.43771885942971478E8	-3.62740128931029071E3
1.44072036018008975E8	-3.62748891590502742E3
1.44372186093046517E8	-3.62693680157907128E3
1.44672336168084037E8	-3.62547760755104065E3
1.44972486243121557E8	-3.62283554726530488E3
1.45272636318159076E8	-3.61881471016725609E3
1.45572786393196596E8	-3.61346815532369714E3
1.45872936468234116E8	-3.60727809795618626E3
1.46173086543271635E8	-3.60113228890960269E3
1.46473236618309133E8	-3.59597167143873708E3
1.46773386693346697E8	-3.59238766124982201E3
1.47073536768384172E8	-3.59052027158174614E3
1.47373686843421692E8	-3.59021346673311958E3
1.47673836918459211E8	-3.59119906141569478E3
1.47973986993496753E8	-3.59320409937781360E3
1.48274137068534229E8	-3.59599116581943656E3
1.48574287143571793E8	-3.59936439785744700E3
1.48874437218609335E8	-3.60316239110083103E3
1.49174587293646832E8	-3.60724708304843356E3
1.49474737368684352E8	-3.61149076128698798E3
1.49774887443721871E8	-3.61575908503342180E3
1.50075037518759391E8	-3.61988255732040765E3
1.50375187593796911E8	-3.62359430196813026E3
1.50675337668834430E8	-3.62635733501915780E3
1.50975487743871928E8	-3.62673154057132052E3
1.51275637818909425E8	-3.61885795432744661E3
1.51575787893946967E8	-3.56564058709116427E3
1.51875937968984487E8	-3.50826873532372341E3
1.52176088044021984E8	-3.49923155564748800E3
1.52476238119059526E8	-3.49892459091507657E3
1.52776388194097024E8	-3.50087879414259495E3
1.53076538269134566E8	-3.50346070449959512E3
1.53376688344172107E8	-3.50592484540970606E3
1.53676838419209605E8	-3.50765116188170945E3
1.53976988494247102E8	-3.50778885879191682E3
1.54277138569284622E8	-3.50479994966301689E3
1.54577288644322164E8	-3.49569464372382743E3
1.54877438719359661E8	-3.47651940079080291E3
1.55177588794397203E8	-3.45148093846705262E3
1.55477738869434745E8	-3.43423884844060723E3
1.55777888944472265E8	-3.42674685009227797E3
1.56078039019509740E8	-3.42493899585109185E3
1.56378189094547282E8	-3.42615715564347090E3
1.56678339169584757E8	-3.42909051374907303E3
1.56978489244622321E8	-3.43308067543514550E3
1.57278639319659819E8	-3.43777519701067291E3
1.57578789394697338E8	-3.44297381743111197E3
1.57878939469734858E8	-3.44855732686878946E3
1.58179089544772378E8	-3.45445232550653714E3
1.58479239619809897E8	-3.46061249961605810E3
1.58779389694847395E8	-3.46700803811689573E3
1.59079539769884981E8	-3.47361942810414481E3
1.59379689844922434E8	-3.48043402051519823E3
1.59679839919959976E8	-3.48744501065957602E3
1.59979989994997474E8	-3.49465365230847613E3
1.60280140070034993E8	-3.50207742174196923E3
1.60580290145072513E8	-3.50977106261959326E3
1.60880440220110077E8	-3.51787817385426127E3
1.61180590295147574E8	-3.52676004563525813E3
1.61480740370185072E8	-3.53732492044909241E3
1.61780890445222592E8	-3.55179935888656351E3
1.62081040520260156E8	-3.57426072700171904E3
1.62381190595297609E8	-3.60321093001970372E3
1.62681340670335151E8	-3.62387118636367367E3
1.62981490745372670E8	-3.63311445237112229E3
1.63281640820410212E8	-3.63741833693251371E3
1.63581790895447732E8	-3.64095830904747952E3
1.63881940970485229E8	-3.64521509021696399E3
1.64182091045522749E8	-3.65044952076292750E3
1.64482241120560291E8	-3.65654489301506214E3
1.64782391195597810E8	-3.66332243127158108E3
1.65082541270635308E8	-3.67062962363598633E3
1.65382691345672828E8	-3.67835431798590529E3
1.65682841420710369E8	-3.68641964473787676E3
1.65982991495747889E8	-3.69477631634273518E3
1.66283141570785387E8	-3.70339640063333642E3
1.66583291645822906E8	-3.71226911950110594E3
1.66883441720860404E8	-3.72139842665241805E3
1.67183591795897923E8	-3.73080210993016559E3
1.67483741870935487E8	-3.74051239300192373E3
1.67783891945972985E8	-3.75057835394344030E3
1.68084042021010482E8	-3.76107097923403577E3
1.68384192096048002E8	-3.77209248202188618E3
1.68684342171085566E8	-3.78379292536402279E3
1.68984492246123041E8	-3.79639968329530353E3
1.69284642321160561E8	-3.81026928795936115E3
1.69584792396198125E8	-3.82597487587772411E3
1.69884942471235623E8	-3.84442808087444821E3
1.70185092546273142E8	-3.86691027852227975E3
1.70485242621310684E8	-3.89441411204014276E3
1.70785392696348159E8	-3.92550479970080568E3
1.71085542771385701E8	-3.95568640916482162E3
1.71385692846423199E8	-3.98192714452352181E3
1.71685842921460718E8	-4.00478654616947072E3
1.71985992996498283E8	-4.02648082594643331E3
1.72286143071535713E8	-4.05017842422151286E3
1.72586293146573277E8	-4.08118540458946111E3
1.72886443221610797E8	-4.12464927288310701E3
1.73186593296648317E8	-4.16766744646827370E3
1.73486743371685814E8	-4.19646366307954111E3
1.73786893446723356E8	-4.21557421305703706E3
1.74087043521760920E8	-4.22977349918152701E3
1.74387193596798395E8	-4.24122640877758528E3
1.74687343671835937E8	-4.25085394191835952E3
1.74987493746873435E8	-4.25897268152748865E3
1.75287643821910999E8	-4.26541438212789892E3
1.75587793896948519E8	-4.26908336661003140E3
1.75887943971986038E8	-4.26505738040959237E3
1.76188094047023536E8	-4.22130138661704812E3
1.76488244122060989E8	-4.15985475591385967E3
1.76788394197098531E8	-4.15083881836635005E3
1.77088544272136050E8	-4.15190655289877508E3
1.77388694347173592E8	-4.15553180375745423E3
1.77688844422211112E8	-4.16000832919304830E3
1.77988994497248609E8	-4.16472517180747204E3
1.78289144572286107E8	-4.16937225935230771E3
1.78589294647323671E8	-4.17372873284263157E3
1.78889444722361191E8	-4.17758264238509547E3
1.79189594797398688E8	-4.18068779640975485E3
1.79489744872436208E8	-4.18273503276036518E3
1.79789894947473750E8	-4.18334367720950606E3
1.80090045022511225E8	-4.18211230092335473E3
1.80390195097548767E8	-4.17881053841704375E3
1.80690345172586331E8	-4.17375388241079825E3
1.80990495247623850E8	-4.16807918537674471E3
1.81290645322661348E8	-4.16334722119450706E3
1.81590795397698845E8	-4.16066313521720410E3
1.81890945472736343E8	-4.16030888226925377E3
1.82191095547773863E8	-4.16203308110794801E3
1.82491245622811382E8	-4.16542156497184468E3
1.82791395697848946E8	-4.17008428941799014E3
1.83091545772886422E8	-4.17570725608600846E3
1.83391695847923986E8	-4.18205204804555564E3
1.83691845922961439E8	-4.18894464706592284E3
1.83991995997998958E8	-4.19626853983464265E3
1.84292146073036522E8	-4.20396835903138566E3
1.84592296148074020E8	-4.21207362722428069E3
1.84892446223111540E8	-4.22077518200088875E3
1.85192596298149081E8	-4.23069413765000135E3
1.85492746373186601E8	-4.24420152023164032E3
1.85792896448224143E8	-4.27855347932722729E3
1.86093046523261663E8	-4.38662913656093068E3
1.86393196598299160E8	-4.41494788397853277E3
1.86693346673336658E8	-4.42757550891814056E3
1.86993496748374177E8	-4.43715977233058023E3
1.87293646823411697E8	-4.44572013228592056E3
1.87593796898449239E8	-4.45388528324931166E3
1.87893946973486758E8	-4.46194484065045049E3
1.88194097048524256E8	-4.47008194598781294E3
1.88494247123561709E8	-4.47844824189633961E3
1.88794397198599251E8	-4.48719661341893872E3
1.89094547273636882E8	-4.49649982514002655E3
1.89394697348674290E8	-4.50656150895455720E3
1.89694847423711832E8	-4.51761569729177204E3
1.89994997498749352E8	-4.52990030880654260E3
1.90295147573786894E8	-4.54357883641846882E3
1.90595297648824369E8	-4.55859328243976059E3
1.90895447723861933E8	-4.57450541362127883E3
1.91195597798899475E8	-4.59050334487228628E3
1.91495747873936972E8	-4.60569214003869387E3
1.91795897948974492E8	-4.61946007085482613E3
1.92096048024012012E8	-4.63160723497261184E3
1.92396198099049509E8	-4.64223226534713174E3
1.92696348174087051E8	-4.65156917568779260E3
1.92996498249124571E8	-4.65988754802831018E3
1.93296648324162068E8	-4.66746908428357621E3
1.93596798399199588E8	-4.67466986279165209E3
1.93896948474237041E8	-4.68225544140654470E3
1.94197098549274583E8	-4.69453439342294487E3
1.94497248624312169E8	-4.84215018389406460E3
1.94797398699349666E8	-4.86547706712754113E3
1.95097548774387164E8	-4.87240690459658055E3
1.95397698849424684E8	-4.87744671337660307E3
1.95697848924462225E8	-4.88179535041852919E3
1.95997998999499790E8	-4.88578620030088651E3
1.96298149074537243E8	-4.88956851174788731E3
1.96598299149574762E8	-4.89322963502442398E3
1.96898449224612304E8	-4.89682778442096023E3
1.97198599299649824E8	-4.90040252450167291E3
1.97498749374687366E8	-4.90397836738937087E3
1.97798899449724841E8	-4.90756614042119121E3
1.98099049524762383E8	-4.91116377460586229E3
1.98399199599799880E8	-4.91475707267142781E3
1.98699349674837356E8	-4.91832053320667928E3
1.98999499749874920E8	-4.92181804610840778E3
1.99299649824912484E8	-4.92520311421836610E3
1.99599799899949959E8	-4.92841812153015013E3
1.99899949974987479E8	-4.93139200676942568E3
2.00200100050024998E8	-4.93403543689075796E3
2.00500250125062518E8	-4.93623211208722701E3
2.00800400200099993E8	-4.93782405387129675E3
2.01100550275137602E8	-4.93858758204347570E3
2.01400700350175077E8	-4.93819581515934480E3
2.01700850425212597E8	-4.93616676196378101E3
2.02001000500250116E8	-4.93181963988927219E3
2.02301150575287636E8	-4.92435511430044670E3
2.02601300650325200E8	-4.91337636692292001E3
2.02901450725362675E8	-4.90000004155763946E3
2.03201600800400195E8	-4.88707045571111998E3
2.03501750875437670E8	-4.87701772887220297E3
2.03801900950475190E8	-4.87035458050999548E3
2.04102051025512754E8	-4.86645502905784788E3
2.04402201100550274E8	-4.86453064013539649E3
2.04702351175587749E8	-4.86396717662799194E3
2.05002501250625269E8	-4.86434339042304309E3
2.05302651325662833E8	-4.86538094983286662E3
2.05602801400700352E8	-4.86689991565479296E3
2.05902951475737916E8	-4.86879223731840582E3
2.06203101550775392E8	-4.87101507865289385E3
2.06503251625812911E8	-4.87361591582589604E3
2.06803401700850475E8	-4.87685365392806780E3
2.07103551775887951E8	-4.88183401623498270E3
2.07403701850925470E8	-4.89819223388037539E3
2.07703851925962990E8	-5.03635413423997136E3
2.08004002001000510E8	-5.05207511683997978E3
2.08304152076037985E8	-5.05665451304695512E3
2.08604302151075505E8	-5.05933775184008194E3
2.08904452226113024E8	-5.06120246974727550E3
2.09204602301150544E8	-5.06250003780115598E3
2.09504752376188108E8	-5.06328040305166205E3
2.09804902451225583E8	-5.06352173492873980E3
2.10105052526263103E8	-5.06317542901608331E3
2.10405202601300578E8	-5.06219473208773429E3
2.10705352676338187E8	-5.06056392359877982E3
2.11005502751375662E8	-5.05832940168816769E3
2.11305652826413226E8	-5.05562291270130260E3
2.11605802901450701E8	-5.05266015863834461E3
2.11905952976488221E8	-5.04970432647067025E3
2.12206103051525741E8	-5.04700582468769543E3
2.12506253126563305E8	-5.04474825829288775E3
2.12806403201600824E8	-5.04302527174676740E3
2.13106553276638344E8	-5.04184968031465708E3
2.13406703351675819E8	-5.04117949708130730E3
2.13706853426713383E8	-5.04094500851329652E3
2.14007003501750814E8	-5.04106892172313614E3
2.14307153576788423E8	-5.04147846451889414E3
2.14607303651825898E8	-5.04211139178720380E3
2.14907453726863373E8	-5.04291831026457071E3
2.15207603801901026E8	-5.04386319668896110E3
2.15507753876938413E8	-5.04492336865827706E3
2.15807903951975977E8	-5.04608984158032126E3
2.16108054027013541E8	-5.04736914457826202E3
2.16408204102051016E8	-5.04878869786033224E3
2.16708354177088536E8	-5.05041132012037686E3
2.17008504252126055E8	-5.05237699206284496E3
2.17308654327163531E8	-5.05504759581718499E3
2.17608804402201139E8	-5.05972793421964617E3
2.17908954477238614E8	-5.07724921569878607E3
2.18209104552276134E8	-5.21044133278945765E3
2.18509254627313654E8	-5.22698799981855622E3
2.18809404702351129E8	-5.23187748684379716E3
2.19109554777388738E8	-5.23498894548598059E3
2.19409704852426213E8	-5.23756194437608702E3
2.19709854927463777E8	-5.23993980922804337E3
2.20010005002501252E8	-5.24225040819454779E3
2.20310155077538727E8	-5.24454478155478920E3
2.20610305152576247E8	-5.24683700019510635E3
2.20910455227613856E8	-5.24911700553155480E3
2.21210605302651331E8	-5.25135306679520841E3
2.21510755377688806E8	-5.25348749582403585E3
2.21810905452726370E8	-5.25542348363141976E3
2.22111055527763890E8	-5.25699305984030296E3
2.22411205602801321E8	-5.25787357462376725E3
2.22711355677838885E8	-5.25733016922377594E3
2.23011505752876449E8	-5.25317227784059604E3
2.23311655827913969E8	-5.23522094196188537E3
2.23611805902951488E8	-5.16339689417783365E3
2.23911955977988963E8	-5.12514188387712366E3
2.24212106053026528E8	-5.11642197568585644E3
2.24512256128064047E8	-5.11352531357976581E3
2.24812406203101522E8	-5.11235561253744653E3
2.25112556278139042E8	-5.11181379372209754E3
2.25412706353176606E8	-5.11155031150792993E3
2.25712856428214081E8	-5.11150651036130643E3
2.26013006503251601E8	-5.11177180188663982E3
2.26313156578289165E8	-5.11250531399286157E3
2.26613306653326685E8	-5.11386903243017610E3
2.26913456728364205E8	-5.11597299596657074E3
2.27213606803401635E8	-5.11884558568694636E3
2.27513756878439244E8	-5.12243337595474735E3
2.27813906953476764E8	-5.12662195699052425E3
2.28114057028514239E8	-5.13126343934318463E3
2.28414207103551758E8	-5.13619892694839919E3
2.28714357178589278E8	-5.14127010470205370E3
2.29014507253626842E8	-5.14631896915153231E3
2.29314657328664318E8	-5.15117700894330532E3
2.29614807403701793E8	-5.15564509228886880E3
2.29914957478739357E8	-5.15946419281176283E3
2.30215107553776832E8	-5.16227742607268425E3
2.30515257628814352E8	-5.16359271093749062E3
2.30815407703851916E8	-5.16279278418740972E3
2.31115557778889436E8	-5.15933761104790811E3
2.31415707853926955E8	-5.15337478778526137E3
2.31715857928964475E8	-5.14645011462515534E3
2.32016008004001995E8	-5.14096731517160599E3
2.32316158079039559E8	-5.13848312312780298E3
2.32616308154076989E8	-5.13915078428587790E3
2.32916458229114598E8	-5.14242441508169801E3
2.33216608304152118E8	-5.14767180085085130E3
2.33516758379189593E8	-5.15438119097458003E3
2.33816908454227157E8	-5.16217873684385609E3
2.34117058529264632E8	-5.17080349176877263E3
2.34417208604302152E8	-5.18008656367132758E3
2.34717358679339672E8	-5.18994172603845971E3
2.35017508754377147E8	-5.20036478158075610E3
2.35317658829414666E8	-5.21143786800150988E3
2.35617808904452142E8	-5.22333457363157905E3
2.35917958979489750E8	-5.23631729206062069E3
2.36218109054527226E8	-5.25070438636144665E3
2.36518259129564745E8	-5.26676042068818706E3
2.36818409204602309E8	-5.28446097828370576E3
2.37118559279639785E8	-5.30321205395820261E3
2.37418709354677349E8	-5.32186490204058504E3
2.37718859429714868E8	-5.33924116387259229E3
2.38019009504752344E8	-5.35468713631445770E3
2.38319159579789908E8	-5.36813020784328465E3
2.38619309654827427E8	-5.37980794243194715E3
2.38919459729864903E8	-5.39002432254566877E3
2.39219609804902467E8	-5.39903071289767666E3
2.39519759879939986E8	-5.40698365735459241E3
2.39819909954977550E8	-5.41392430304647654E3
2.40120060030015026E8	-5.41974057906626872E3
2.40420210105052501E8	-5.42406543000456409E3
2.40720360180090065E8	-5.42599876713247564E3
2.41020510255127496E8	-5.42331529445551741E3
2.41320660330165060E8	-5.41048581754519198E3
2.41620810405202580E8	-5.38110681467335095E3
2.41920960480240099E8	-5.35326092973952683E3
2.42221110555277619E8	-5.34176988898528826E3
2.42521260630315139E8	-5.33940316720117369E3
2.42821410705352658E8	-5.34110158683790637E3
2.43121560780390178E8	-5.34482158330575441E3
2.43421710855427742E8	-5.34968727593146554E3
2.43721860930465262E8	-5.35527784141033436E3
2.44022011005502737E8	-5.36136751737402939E3
2.44322161080540301E8	-5.36781965373147774E3
2.44622311155577776E8	-5.37453764478609486E3
2.44922461230615296E8	-5.38143899197248388E3
2.45222611305652816E8	-5.38843962140748101E3
2.45522761380690335E8	-5.39544321664164706E3
2.45822911455727811E8	-5.40233353024471619E3
2.46123061530765375E8	-5.40896934062529677E3
2.46423211605802894E8	-5.41518312395069401E3
2.46723361680840458E8	-5.42078627582479289E3
2.47023511755877978E8	-5.42558606657922482E3
2.47323661830915453E8	-5.42942132332787697E3
2.47623811905952973E8	-5.43222058906476590E3
2.47923961980990493E8	-5.43407014672134459E3
2.48224112056028012E8	-5.43524977897561534E3
2.48524262131065488E8	-5.43618314086908505E3
2.48824412206103052E8	-5.43730260439606816E3
2.49124562281140616E8	-5.43891082073065490E3
2.49424712356178091E8	-5.44112422104410776E3
2.49724862431215566E8	-5.44390300054379317E3
2.50025012506253130E8	-5.44711588899782928E3
2.50325162581290606E8	-5.45059668624900073E3
2.50625312656328170E8	-5.45417923065442256E3
2.50925462731365689E8	-5.45771461035844929E3
2.51225612806403165E8	-5.46107802261281705E3
2.51525762881440729E8	-5.46417086785817574E3
2.51825912956478204E8	-5.46692121231627670E3
2.52126063031515724E8	-5.46928397082144002E3
2.52426213106553288E8	-5.47124100556001558E3
2.52726363181590807E8	-5.47280055668864129E3
2.53026513256628327E8	-5.47399494286446142E3
2.53326663331665802E8	-5.47487538608906998E3
2.53626813406703366E8	-5.47550325064065468E3
2.53926963481740930E8	-5.47593782054313127E3
2.54227113556778317E8	-5.47622150430012589E3
2.54527263631815970E8	-5.47636337923601513E3
2.54827413706853445E8	-5.47632081118377290E3
2.55127563781890920E8	-5.47597645084812079E3
2.55427713856928440E8	-5.47510445975749693E3
2.55727863931965960E8	-5.47331620293671683E3
2.56028014007003524E8	-5.46997769053332838E3
2.56328164082040999E8	-5.46413069276677543E3
2.56628314157078519E8	-5.45464522379937744E3
2.56928464232116038E8	-5.44127089369302830E3
2.57228614307153602E8	-5.42648810542881233E3
2.57528764382191078E8	-5.41444659177114573E3
2.57828914457228597E8	-5.40707223832991257E3
2.58129064532266117E8	-5.40382853529545848E3
2.58429214607303681E8	-5.40359032061059175E3
2.58729364682341156E8	-5.40547429622560394E3
2.59029514757378720E8	-5.40891236788487095E3
2.59329664832416240E8	-5.41356213722189050E3
2.59629814907453760E8	-5.41922729303898087E3
2.59929964982491235E8	-5.42580767313466872E3
2.60230115057528799E8	-5.43327166467781630E3
2.60530265132566274E8	-5.44164453129121917E3
2.60830415207603794E8	-5.45101184565656727E3
2.61130565282641269E8	-5.46154583662666226E3
2.61430715357678878E8	-5.47358094525518624E3
2.61730865432716309E8	-5.48781640212176658E3
2.62031015507753784E8	-5.50588666913660862E3
2.62331165582791348E8	-5.53196379241210856E3
2.62631315657828868E8	-5.57404628838863925E3
2.62931465732866432E8	-5.62388713152077280E3
2.63231615807903951E8	-5.65789988328424620E3
2.63531765882941427E8	-5.68000592234534984E3
2.63831915957979035E8	-5.69689023643828296E3
2.64132066033016510E8	-5.71141504882849738E3
2.64432216108054030E8	-5.72490842783042453E3
2.64732366183091594E8	-5.73824006969551892E3
2.65032516258129025E8	-5.75233235549306876E3
2.65332666333166634E8	-5.76870086055389120E3
2.65632816408203976E8	-5.79058198242202771E3
2.65932966483241540E8	-5.82446177464429393E3
2.66233116558279148E8	-5.86992025150397012E3
2.66533266633316668E8	-5.90552615749722598E3
2.66833416708354232E8	-5.92759718690815784E3
2.67133566783391707E8	-5.94283038428280452E3
2.67433716858429182E8	-5.95477442797434442E3
2.67733866933466746E8	-5.96495388502971302E3
2.68034017008504222E8	-5.97408492014977366E3
2.68334167083541697E8	-5.98254646782863997E3
2.68634317158579261E8	-5.99056426430926869E3
2.68934467233616825E8	-5.99829087070886935E3
2.69234617308654256E8	-6.00584557958315024E3
2.69534767383691864E8	-6.01333865601191597E3
2.69834917458729340E8	-6.02089130439875753E3
2.70135067533766859E8	-6.02865929129402733E3
2.70435217608804424E8	-6.03686997004797199E3
2.70735367683841899E8	-6.04589034294683270E3
2.71035517758879418E8	-6.05636210019472720E3
2.71335667833916983E8	-6.06946627772228631E3
2.71635817908954413E8	-6.08729602747147869E3
2.71935967983991933E8	-6.11223958453019467E3
2.72236118059029542E8	-6.14171737515262883E3
2.72536268134066972E8	-6.16571058898277169E3
2.72836418209104536E8	-6.17836986418048006E3
2.73136568284142145E8	-6.17310162547086794E3
2.73436718359179576E8	-6.10977571716564594E3
2.73736868434217140E8	-6.07096465234311466E3
2.74037018509254660E8	-6.06454612632938517E3
2.74337168584292090E8	-6.06316125636384573E3
2.74637318659329699E8	-6.06240364291644340E3
2.74937468734367130E8	-6.06110227358870723E3
2.75237618809404605E8	-6.05884509782890301E3
2.75537768884442258E8	-6.05556250449616673E3
2.75837918959479689E8	-6.05145324145363706E3
2.76138069034517253E8	-6.04692658544276096E3
2.76438219109554773E8	-6.04246588735853329E3
2.76738369184592248E8	-6.03845482263855082E3
2.77038519259629767E8	-6.03506935312409887E3
2.77338669334667332E8	-6.03227487204694590E3
2.77638819409704851E8	-6.02988303425392136E3
2.77938969484742415E8	-6.02761171459786915E3
2.78239119559779846E8	-6.02512727839228557E3
2.78539269634817455E8	-6.02208136126338189E3
2.78839419709854885E8	-6.01817416032349239E3
2.79139569784892450E8	-6.01328044841119613E3
2.79439719859929969E8	-6.00762900507628306E3
2.79739869934967444E8	-6.00189810917712130E3
2.80040020010005053E8	-5.99702710898720159E3
2.80340170085042573E8	-5.99380941117925481E3
2.80640320160080048E8	-5.99262945158546945E3
2.80940470235117612E8	-5.99350517469215216E3
2.81240620310155132E8	-5.99626621374263102E3
2.81540770385192562E8	-6.00069550119372774E3
2.81840920460230038E8	-6.00659681392933020E3
2.82141070535267691E8	-6.01381358981544523E3
2.82441220610305077E8	-6.02222588419386540E3
2.82741370685342641E8	-6.03174079692730380E3
2.83041520760380205E8	-6.04228423740847109E3
2.83341670835417681E8	-6.05379927863013645E3
2.83641820910455245E8	-6.06625626635076998E3
2.83941970985492764E8	-6.07968061674077020E3
2.84242121060530284E8	-6.09420564766985695E3
2.84542271135567848E8	-6.11016068888922526E3
2.84842421210605323E8	-6.12820430649364312E3
2.85142571285642799E8	-6.14946192698067051E3
2.85442721360680363E8	-6.17531619304270851E3
2.85742871435717793E8	-6.20576284811230217E3
2.86043021510755358E8	-6.23697349163492909E3
2.86343171585792877E8	-6.26414634684854033E3
2.86643321660830352E8	-6.28623652312235404E3
2.86943471735868005E8	-6.30457308598583133E3
2.87243621810905436E8	-6.32059739837778345E3
2.87543771885942956E8	-6.33532543896004885E3
2.87843921960980520E8	-6.34942722739422294E3
2.88144072036017951E8	-6.36334734877631369E3
2.88444222111055470E8	-6.37737047782513411E3
2.88744372186093035E8	-6.39164022833061463E3
2.89044522261130510E8	-6.40615405246465208E3
2.89344672336168074E8	-6.42076252470455255E3
2.89644822411205594E8	-6.43520044052393381E3
2.89944972486243113E8	-6.44915631500343078E3
2.90245122561280677E8	-6.46235315845424374E3
2.90545272636318153E8	-6.47460024868883011E3
2.90845422711355672E8	-6.48579788550111580E3
2.91145572786393192E8	-6.49590708073916545E3
2.91445722861430756E8	-6.50490530078346474E3
2.91745872936468231E8	-6.51273964647496673E3
2.92046023011505707E8	-6.51927448331584003E3
2.92346173086543271E8	-6.52421734914782725E3
2.92646323161580790E8	-6.52699299913542497E3
2.92946473236618266E8	-6.52653229716319316E3
2.93246623311655785E8	-6.52108495289099910E3
2.93546773386693394E8	-6.50906160390448196E3
2.93846923461730869E8	-6.49288551381058898E3
2.94147073536768344E8	-6.47971550238479654E3
2.94447223611805953E8	-6.47295521115304506E3
2.94747373686843384E8	-6.47130327946687522E3
2.95047523761880948E8	-6.47290526866083393E3
2.95347673836918423E8	-6.47656600680882377E3
2.95647823911955943E8	-6.48161337100968638E3
2.95947973986993507E8	-6.48767438653791295E3
2.96248124062031026E8	-6.49454049662525268E3
2.96548274137068457E8	-6.50209757939447730E3
2.96848424212106066E8	-6.51029435829787673E3
2.97148574287143585E8	-6.51913955602000605E3
2.97448724362180972E8	-6.52873634235869282E3
2.97748874437218669E8	-6.53939986665031636E3
2.98049024512256144E8	-6.55204084751846061E3
2.98349174587293664E8	-6.56972097401024691E3
2.98649324662331139E8	-6.60592300039508729E3
2.98949474737368703E8	-6.67894167724145671E3
2.99249624812406179E8	-6.71716876736272006E3
2.99549774887443743E8	-6.73404430485661276E3
2.99849924962481174E8	-6.74468588182280193E3
3.00150075037518782E8	-6.75248456429209210E3
3.00450225112556257E8	-6.75840966432736145E3
3.00750375187593821E8	-6.76275338025023665E3
3.01050525262631297E8	-6.76555874422372927E3
3.01350675337668861E8	-6.76677880823671973E3
3.01650825412706336E8	-6.76638848371761448E3
3.01950975487743856E8	-6.76450736482242654E3
3.02251125562781331E8	-6.76150968762992921E3
3.02551275637818851E8	-6.75802566234695234E3
3.02851425712856415E8	-6.75476791277246225E3
3.03151575787893934E8	-6.75228677974442881E3
3.03451725862931410E8	-6.75084321440063739E3
3.03751875937968974E8	-6.75044651180567001E3
3.04052026013006493E8	-6.75096110789112380E3
3.04352176088043969E8	-6.75219449671805982E3
3.04652326163081577E8	-6.75394187798569590E3
3.04952476238119052E8	-6.75599608596059475E3
3.05252626313156616E8	-6.75813360134367525E3
3.05552776388194047E8	-6.76007812408788311E3
3.05852926463231656E8	-6.76142868036687172E3
3.06153076538269131E8	-6.76151372947170337E3
3.06453226613306606E8	-6.75908579813658417E3
3.06753376688344215E8	-6.75177885295100122E3
3.07053526763381690E8	-6.73627258663304751E3
3.07353676838419210E8	-6.71423284095354056E3
3.07653826913456729E8	-6.69701209029688904E3
3.07953976988494205E8	-6.68937811661433823E3
3.08254127063531769E8	-6.68842142288376529E3
3.08554277138569244E8	-6.69143534960611852E3
3.08854427213606764E8	-6.69698794126759545E3
3.09154577288644328E8	-6.70436564720214712E3
3.09454727363681847E8	-6.71320074685431489E3
3.09754877438719323E8	-6.72328754265719120E3
3.10055027513756887E8	-6.73448750094626014E3
3.10355177588794406E8	-6.74667460785129691E3
3.10655327663831882E8	-6.75970317546570776E3
3.10955477738869490E8	-6.77339417819506728E3
3.11255627813906965E8	-6.78753911329618820E3
3.11555777888944530E8	-6.80191564855682174E3
3.11855927963982049E8	-6.81630307711730676E3
3.12156078039019480E8	-6.83048581862774729E3
3.12456228114056955E8	-6.84424232297243140E3
3.12756378189094564E8	-6.85732863638786494E3
3.13056528264131995E8	-6.86947165418690986E3
3.13356678339169514E8	-6.88038241626021563E3
3.13656828414207123E8	-6.88978869714496245E3
3.13956978489244642E8	-6.89747862784680343E3
3.14257128564282118E8	-6.90334901981069216E3
3.14557278639319637E8	-6.90745555847640169E3
3.14857428714357201E8	-6.91005215198565015E3
3.15157578789394677E8	-6.91158532440527740E3
3.15457728864432152E8	-6.91261172276778790E3
3.15757878939469716E8	-6.91366096158476218E3
3.16058029014507236E8	-6.91512162465903923E3
3.16358179089544755E8	-6.91720784396004795E3
3.16658329164582231E8	-6.91999482769484775E3
3.16958479239619795E8	-6.92347745068055076E3
3.17258629314657359E8	-6.92761970249756764E3
3.17558779389694790E8	-6.93238674184433812E3
3.17858929464732309E8	-6.93776407352774793E3
3.18159079539769962E8	-6.94377138655072379E3
3.18459229614807438E8	-6.95047846834192740E3
3.18759379689844868E8	-6.95803152762577337E3
3.19059529764882388E8	-6.96670263308716642E3
3.19359679839919952E8	-6.97698478949597511E3
3.19659829914957427E8	-6.98976582557342851E3
3.19959979989994947E8	-7.00655890543860416E3
3.20260130065032467E8	-7.02924984326424784E3
3.20560280140069986E8	-7.05737641157026463E3
3.20860430215107550E8	-7.08476836831963208E3
3.21160580290145026E8	-7.10584661237480475E3
3.21460730365182545E8	-7.12063612051404071E3
3.21760880440220154E8	-7.13088769423043534E3
3.22061030515257585E8	-7.13775712155634512E3
3.22361180590295149E8	-7.14163683339134270E3
3.22661330665332713E8	-7.14231062026434849E3
3.22961480740370144E8	-7.13907458965102570E3
3.23261630815407708E8	-7.13111332257025499E3
3.23561780890445183E8	-7.11876827124361267E3
3.23861930965482703E8	-7.10495773148649157E3
3.24162081040520311E8	-7.09332414922139698E3
3.24462231115557742E8	-7.08508934813046398E3
3.24762381190595217E8	-7.07949744928802716E3
3.25062531265632870E8	-7.07539316306072230E3
3.25362681340670301E8	-7.07181290043319599E3
3.25662831415707865E8	-7.06801677971817632E3
3.25962981490745340E8	-7.06342461551513612E3
3.26263131565782905E8	-7.05760237368840837E3
3.26563281640820424E8	-7.05033680131001006E3
3.26863431715857899E8	-7.04177180213951015E3
3.27163581790895464E8	-7.03246702706165205E3
3.27463731865932894E8	-7.02320231621237401E3
3.27763881940970458E8	-7.01460039160406001E3
3.28064032016008067E8	-7.00689071611553782E3
3.28364182091045498E8	-6.99995396996112085E3
3.28664332166083017E8	-6.99350143688472770E3
3.28964482241120582E8	-6.98724089409308569E3
3.29264632316158057E8	-6.98099289751248442E3
3.29564782391195621E8	-6.97476288865624383E3
3.29864932466233096E8	-6.96875629165386634E3
3.30165082541270616E8	-6.96331540671404792E3
3.30465232616308091E8	-6.95879795289616521E3
3.30765382691345655E8	-6.95546768238880553E3
3.31065532766383175E8	-6.95345510846762771E3
3.31365682841420739E8	-6.95278487435599857E3
3.31665832916458125E8	-6.95342956298552206E3
3.31965982991495778E8	-6.95535735836782987E3
3.32266133066533209E8	-6.95856110321015287E3
3.32566283141570773E8	-6.96306593004762497E3
3.32866433216608248E8	-6.96890984954672632E3
3.33166583291645813E8	-6.97608278183739383E3
3.33466733366683332E8	-6.98440785190521574E3
3.33766883441720807E8	-6.99338126909408242E3
3.34067033516758372E8	-7.00206315133361379E3
3.34367183591795847E8	-7.00912910939264044E3
3.34667333666833411E8	-7.01301837761703428E3
3.34967483741870975E8	-7.01199433584123000E3
3.35267633816908406E8	-7.00446215645365822E3
3.35567783891945970E8	-6.99097530536196654E3
3.35867933966983534E8	-6.97649515462406278E3
3.36168084042020965E8	-6.96592928389108401E3
3.36468234117058529E8	-6.95980046711786038E3
3.36768384192096004E8	-6.95666000584550837E3
3.37068534267133568E8	-6.95518236418967462E3
3.37368684342171132E8	-6.95446633044094220E3
3.37668834417208563E8	-6.95387380811925215E3
3.37968984492246083E8	-6.95286391534681059E3
3.38269134567283647E8	-6.95086730749809156E3
3.38569284642321122E8	-6.94719072488081757E3
3.38869434717358686E8	-6.94099601734789395E3
3.39169584792396250E8	-6.93155931259740044E3
3.39469734867433726E8	-6.91913808453618184E3
3.39769884942471245E8	-6.90586133815558423E3
3.40070035017508721E8	-6.89458538079927497E3
3.40370185092546285E8	-6.88665915171904697E3
3.40670335167583715E8	-6.88181953796317014E3
3.40970485242621368E8	-6.87928052315474048E3
3.41270635317658932E8	-6.87833389697857722E3
3.41570785392696319E8	-6.87846793101961929E3
3.41870935467733839E8	-6.87933179627180902E3
3.42171085542771403E8	-6.88068136955418375E3
3.42471235617808878E8	-6.88233575867038461E3
3.42771385692846398E8	-6.88414395356163133E3
3.43071535767883962E8	-6.88595471069499077E3
3.43371685842921437E8	-6.88757990170619916E3
3.43671835917958912E8	-6.88873418467417498E3
3.43971985992996565E8	-6.88891192579032907E3
3.44272136068033996E8	-6.88709854139402466E3
3.44572286143071427E8	-6.88105034384438419E3
3.44872436218109124E8	-6.86596271304744032E3
3.45172586293146555E8	-6.83815555101818973E3
3.45472736368184163E8	-6.81245837005972987E3
3.45772886443221594E8	-6.80054808118177068E3
3.46073036518259070E8	-6.79755019614983702E3
3.46373186593296634E8	-6.79912194341485154E3
3.46673336668334153E8	-6.80327523089523378E3
3.46973486743371629E8	-6.80906758838855541E3
3.47273636818409193E8	-6.81596494877545478E3
3.47573786893446712E8	-6.82357959999108932E3
3.47873936968484276E8	-6.83155670068885001E3
3.48174087043521840E8	-6.83952795241586120E3
3.48474237118559227E8	-6.84710165118526959E3
3.48774387193596791E8	-6.85387091036362506E3
3.49074537268634355E8	-6.85942593180862126E3
3.49374687343671875E8	-6.86336753016617784E3
3.49674837418709306E8	-6.86534416216485788E3
3.49974987493746870E8	-6.86516806274401148E3
3.50275137568784345E8	-6.86306301634864901E3
3.50575287643821998E8	-6.85994212696373573E3
3.50875437718859473E8	-6.85735778875042978E3
3.51175587793897037E8	-6.85699472702144686E3
3.51475737868934335E8	-6.86029542340255993E3
3.51775887943972076E8	-6.86867287624942247E3
3.52076038019009374E8	-6.88373026596647275E3
3.52376188094047071E8	-6.90564598917330397E3
3.52676338169084591E8	-6.92962839052392088E3
3.52976488244121978E8	-6.94939643777707783E3
3.53276638319159542E8	-6.96375494467748268E3
3.53576788394197061E8	-6.97431492927634444E3
3.53876938469234537E8	-6.98258106823260505E3
3.54177088544272101E8	-6.98948381705057908E3
3.54477238619309620E8	-6.99556036947848003E3
3.54777388694347184E8	-7.00112480444372842E3
3.55077538769384660E8	-7.00636665164438632E3
3.55377688844422224E8	-7.01140409336926229E3
3.55677838919459788E8	-7.01631320924387403E3
3.55977988994497219E8	-7.02114497207312205E3
3.56278139069534783E8	-7.02593601648678323E3
3.56578289144572214E8	-7.03071632907322019E3
3.56878439219609778E8	-7.03551562899477290E3
3.57178589294647342E8	-7.04036961132622974E3
3.57478739369684817E8	-7.04532715019553546E3
3.57778889444722381E8	-7.05045996983938306E3
3.58079039519759945E8	-7.05587749257539620E3
3.58379189594797376E8	-7.06175245505713356E3
3.58679339669834985E8	-7.06837003891024995E3
3.58979489744872415E8	-7.07623262178705925E3
3.59279639819909935E8	-7.08631012583533426E3
3.59579789894947499E8	-7.10070961272909074E3
3.59879939969985063E8	-7.12444899343601445E3
3.60180090045022450E8	-7.16579076954408389E3
3.60480240120059969E8	-7.21381690646263429E3
3.60780390195097533E8	-7.24912722353033434E3
3.61080540270135009E8	-7.27853114883022734E3
3.61380690345172662E8	-7.30764641292756512E3
3.61680840420210092E8	-7.33476878739772786E3
3.61980990495247701E8	-7.35663233801291483E3
3.62281140570285221E8	-7.37318730391485211E3
3.62581290645322696E8	-7.38606597560683120E3
3.62881440720360127E8	-7.39674872615875323E3
3.63181590795397691E8	-7.40622886088653765E3
3.63481740870435166E8	-7.41513369971823000E3
3.63781890945472686E8	-7.42385547742606455E3
3.64082041020510250E8	-7.43263156600422104E3
3.64382191095547725E8	-7.44158808466606558E3
3.64682341170585289E8	-7.45076344900919274E3
3.64982491245622764E8	-7.46012304628102108E3
3.65282641320660195E8	-7.46957256166526928E3
3.65582791395697893E8	-7.47897487992726262E3
3.65882941470735412E8	-7.48817223441631352E3
3.66183091545772843E8	-7.49701109791873943E3
3.66483241620810407E8	-7.50536415430612891E3
3.66783391695847971E8	-7.51314386057671335E3
3.67083541770885358E8	-7.52030550333928272E3
3.67383691845922877E8	-7.52684161899420978E3
3.67683841920960441E8	-7.53277168894215521E3
3.67983991995997917E8	-7.53813073566120373E3
3.68284142071035481E8	-7.54295895892940571E3
3.68584292146073045E8	-7.54729303437017052E3
3.68884442221110609E8	-7.55115866271335978E3
3.69184592296148040E8	-7.55456337879839701E3
3.69484742371185604E8	-7.55748827650291410E3
3.69784892446223079E8	-7.55987697607456255E3
3.70085042521260599E8	-7.56161978376643429E3
3.70385192596298163E8	-7.56253093028123402E3
3.70685342671335594E8	-7.56231873792835607E3
3.70985492746373202E8	-7.56055855040528257E3
3.71285642821410766E8	-7.55671242719988179E3
3.71585792896448286E8	-7.55031781445125727E3
3.71885942971485672E8	-7.54150128413967025E3
3.72186093046523325E8	-7.53153684904825571E3
3.72486243121560756E8	-7.52239330698022268E3
3.72786393196598320E8	-7.51530291480770529E3
3.73086543271635795E8	-7.51014069989815347E3
3.73386693346673315E8	-7.50584651348132326E3
3.73686843421710879E8	-7.50080208295404027E3
3.73986993496748354E8	-7.49289903089516240E3
3.74287143571785830E8	-7.48020398497073291E3
3.74587293646823394E8	-7.46399423850400456E3
3.74887443721860913E8	-7.45018977300449414E3
3.75187593796898478E8	-7.44253966834557446E3
3.75487743871936042E8	-7.44022377211788033E3
3.75787893946973517E8	-7.44139682486854070E3
3.76088044022011037E8	-7.44473327402141472E3
3.76388194097048512E8	-7.44944210812704721E3
3.76688344172085987E8	-7.45506902156019713E3
3.76988494247123418E8	-7.46135969413730038E3
3.77288644322161115E8	-7.46818312106318150E3
3.77588794397198502E8	-7.47548990051774087E3
3.77888944472236110E8	-7.48328947915661580E3
3.78189094547273763E8	-7.49163781525385986E3
3.78489244622311194E8	-7.50063072957601840E3
3.78789394697348580E8	-7.51039966241054202E3
3.79089544772386233E8	-7.52110641724204765E3
3.79389694847423664E8	-7.53293213095640546E3
3.79689844922461228E8	-7.54605394861628742E3
3.79989994997498703E8	-7.56060352292194260E3
3.80290145072536223E8	-7.57661076146364110E3
3.80590295147573787E8	-7.59395906577977264E3
3.80890445222611174E8	-7.61239989011283491E3
3.81190595297648738E8	-7.63165292643877535E3
3.81490745372686302E8	-7.65154346070402802E3
3.81790895447723866E8	-7.67207958520561117E3
3.82091045522761386E8	-7.69341150354710646E3
3.82391195597798950E8	-7.71568612067075055E3
3.82691345672836425E8	-7.73885843806561091E3
3.82991495747873945E8	-7.76257284981633155E3
3.83291645822911420E8	-7.78624011965265783E3
3.83591795897948984E8	-7.80928234289381873E3
3.83891945972986415E8	-7.83132681856997515E3
3.84192096048024023E8	-7.85220685998522860E3
3.84492246123061587E8	-7.87184958238915122E3
3.84792396198099018E8	-7.89018642822766481E3
3.85092546273136671E8	-7.90713633439644337E3
3.85392696348174102E8	-7.92263576184665652E3
3.85692846423211577E8	-7.93667197605817165E3
3.85992996498249141E8	-7.94929576606798793E3
3.86293146573286617E8	-7.96061460998391901E3
3.86593296648324136E8	-7.97077803267058282E3
3.86893446723361700E8	-7.97996466452502951E3
3.87193596798399176E8	-7.98837443455636986E3
3.87493746873436740E8	-7.99622501583482581E3
3.87793896948474082E8	-8.00374992664874974E3
3.88094047023511823E8	-8.01119558935670639E3
3.88394197098549165E8	-8.01881517900610241E3
3.88694347173586863E8	-8.02685755197598283E3
3.88994497248624338E8	-8.03554956340303228E3
3.89294647323661858E8	-8.04507004378680612E3
3.89594797398699333E8	-8.05551549233700825E3
3.89894947473736853E8	-8.06686404054544504E3
3.90195097548774328E8	-8.07895527813382586E3
3.90495247623811892E8	-8.09150908813405678E3
3.90795397698849367E8	-8.10419075053618698E3
3.91095547773886931E8	-8.11669586138573607E3
3.91395697848924451E8	-8.12881147585248343E3
3.91695847923962059E8	-8.14043077282778782E3
3.91995997998999579E8	-8.15153202880324912E3
3.92296148074037010E8	-8.16214607734690034E3
3.92596298149074485E8	-8.17232916204718407E3
3.92896448224112049E8	-8.18214649939907623E3
3.93196598299149525E8	-8.19166525912421228E3
3.93496748374187044E8	-8.20095424191308986E3
3.93796898449224608E8	-8.21008932506247291E3
3.94097048524262084E8	-8.21916983286324410E3
3.94397198599299648E8	-8.22837876442295979E3
3.94697348674337167E8	-8.23837108808253404E3
3.94997498749374731E8	-8.27602118423600963E3
3.95297648824412207E8	-8.43026354022892299E3
3.95597798899449682E8	-8.44081701729215084E3
3.95897948974487246E8	-8.45043397465721746E3
3.96198099049524766E8	-8.45997912567798771E3
3.96498249124562241E8	-8.46961741388477840E3
3.96798399199599761E8	-8.47938587930773835E3
3.97098549274637236E8	-8.48926866099704469E3
3.97398699349674711E8	-8.49921764997896645E3
3.97698849424712453E8	-8.50916503236990351E3
3.97998999499749839E8	-8.51903577692592862E3
3.98299149574787492E8	-8.52876023395772265E3
3.98599299649824967E8	-8.53828492624524493E3
3.98899449724862487E8	-8.54757995653388392E3
3.99199599799899918E8	-8.55664304739289250E3
3.99499749874937482E8	-8.56550214218777128E3
3.99799899949974957E8	-8.57422062237961846E3
4.00100050025012433E8	-8.58291324052327553E3
4.00400200100049997E8	-8.59179378537333172E3
4.00700350175087472E8	-8.60132836489471231E3
4.01000500250125036E8	-8.61285701085440714E3
4.01300650325162600E8	-8.63268516337837077E3
4.01600800400199986E8	-8.71664425932852716E3
4.01900950475237728E8	-8.77923518054857865E3
4.02201100550275203E8	-8.79575082838836053E3
4.02501250625312590E8	-8.80599577802864175E3
4.02801400700350154E8	-8.81434591681154167E3
4.03101550775387718E8	-8.82182245613224225E3
4.03401700850425193E8	-8.82877034821907536E3
4.03701850925462669E8	-8.83531859635517591E3
4.04002001000500233E8	-8.84149825882887264E3
4.04302151075537619E8	-8.84727268537458045E3
4.04602301150575272E8	-8.85252882810528696E3
4.04902451225612836E8	-8.85702820713979833E3
4.05202601300650400E8	-8.86027586834569370E3
4.05502751375687875E8	-8.86116725564010110E3
4.05802901450725351E8	-8.85696526506037074E3
4.06103051525762915E8	-8.84091860867700774E3
4.06403201600800390E8	-8.80874138876831481E3
4.06703351675837865E8	-8.78478394218539194E3
4.07003501750875341E8	-8.77746238977304216E3
4.07303651825912905E8	-8.77853015120605029E3
4.07603801900950380E8	-8.78389453429623934E3
4.07903951975987944E8	-8.79215053301313176E3
4.08204102051025508E8	-8.80295471243442407E3
4.08504252126062894E8	-8.81644364948293813E3
4.08804402201100547E8	-8.83292467677985194E3
4.09104552276138111E8	-8.85246452085745617E3
4.09404702351175498E8	-8.87431603984520478E3
4.09704852426213062E8	-8.89678020588795171E3
4.10005002501250537E8	-8.91811094599324861E3
4.10305152576288101E8	-8.93748006600954170E3
4.10605302651325665E8	-8.95491763247031614E3
4.10905452726363229E8	-8.97077090728335236E3
4.11205602801400705E8	-8.98535439305453387E3
4.11505752876438269E8	-8.99883986277257897E3
4.11805902951475833E8	-9.01125243151467892E3
4.12106053026513308E8	-9.02248593906545437E3
4.12406203101550783E8	-9.03229482412391960E3
4.12706353176588259E8	-9.04023130887636306E3
4.13006503251625823E8	-9.04548978050925889E3
4.13306653326663298E8	-9.04664007599768638E3
4.13606803401700951E8	-9.04158946098857896E3
4.13906953476738249E8	-9.02970075082783552E3
4.14207103551775901E8	-9.01649149152616758E3
4.14507253626813554E8	-9.00900934995098268E3
4.14807403701850941E8	-9.00797048806272294E3
4.15107553776888416E8	-9.01132409290903524E3
4.15407703851925980E8	-9.01745765755893913E3
4.15707853926963455E8	-9.02545955276438328E3
4.16008004002001019E8	-9.03482826665046623E3
4.16308154077038495E8	-9.04525162649609804E3
4.16608304152075970E8	-9.05647384569824965E3
4.16908454227113534E8	-9.06822033503728697E3
4.17208604302151009E8	-9.08017110338124311E3
4.17508754377188485E8	-9.09198002066854905E3
4.17808904452226049E8	-9.10332362765739767E3
4.18109054527263702E8	-9.11394844790181935E3
4.18409204602301088E8	-9.12369108907867243E3
4.18709354677338741E8	-9.13246709761757991E3
4.19009504752376216E8	-9.14024109653873040E3
4.19309654827413691E8	-9.14699203296647312E3
4.19609804902451167E8	-9.15267983575456867E3
4.19909954977488731E8	-9.15721199512304018E3
4.20210105052526206E8	-9.16040347417452061E3
4.20510255127563770E8	-9.16192119372501423E3
4.20810405202601157E8	-9.16121126811228592E3
4.21110555277638721E8	-9.15745714085016260E3
4.21410705352676374E8	-9.14981187412978691E3
4.21710855427713938E8	-9.13845544384890474E3
4.22011005502751324E8	-9.12605620236299409E3
4.22311155577788888E8	-9.11657558511484822E3
4.22611305652826452E8	-9.11237462866947112E3
4.22911455727863927E8	-9.11506216034366545E3
4.23211605802901403E8	-9.13110926329538053E3
4.23511755877938967E8	-9.18185626378015129E3
4.23811905952976442E8	-9.22742626824445189E3
4.24112056028013917E8	-9.24280141898872998E3
4.24412206103051481E8	-9.24849305167238001E3
4.24712356178089045E8	-9.24991881345816935E3
4.25012506253126610E8	-9.24792966460372767E3
4.25312656328164085E8	-9.24193118708111072E3
4.25612806403201649E8	-9.23102824978754732E3
4.25912956478239124E8	-9.21607761590155050E3
4.26213106553276688E8	-9.20129393226138781E3
4.26513256628314075E8	-9.19067472301112431E3
4.26813406703351639E8	-9.18475766480849742E3
4.27113556778389203E8	-9.18237058553522800E3
4.27413706853426767E8	-9.18236711876715184E3
4.27713856928464242E8	-9.18398613874817826E3
4.28014007003501629E8	-9.18677163091800431E3
4.28314157078539370E8	-9.19046498123850952E3
4.28614307153576846E8	-9.19493667757815558E3
4.28914457228614232E8	-9.20015192567021245E3
4.29214607303651796E8	-9.20616095534261447E3
4.29514757378689360E8	-9.21311192573049276E3
4.29814907453726747E8	-9.22129418421038949E3
4.30115057528764400E8	-9.23123547643508857E3
4.30415207603802052E8	-9.24390288277312244E3
4.30715357678839261E8	-9.26105455406716160E3
4.31015507753876825E8	-9.28533811128631648E3
4.31315657828914478E8	-9.31744904154897746E3
4.31615807903951954E8	-9.35030450729722951E3
4.31915957978989518E8	-9.37667153519393182E3
4.32216108054027082E8	-9.39717187060377235E3
4.32516258129064557E8	-9.41454899822942615E3
4.32816408204102032E8	-9.43069110273648548E3
4.33116558279139507E8	-9.44667777921525342E3
4.33416708354177072E8	-9.46308923751713671E3
4.33716858429214547E8	-9.48015053583555201E3
4.34017008504252111E8	-9.49778187136305796E3
4.34317158579289586E8	-9.51565319176010505E3
4.34617308654327061E8	-9.53329831140745299E3
4.34917458729364803E8	-9.55026283054911929E3
4.35217608804402278E8	-9.56621004949704634E3
4.35517758879439665E8	-9.58094540617030432E3
4.35817908954477229E8	-9.59438419272384380E3
4.36118059029514704E8	-9.60650550182986152E3
4.36418209104552268E8	-9.61731551131158113E3
4.36718359179589832E8	-9.62682298583180440E3
4.37018509254627308E8	-9.63502216135045941E3
4.37318659329664872E8	-9.64187790051153470E3
4.37618809404702258E8	-9.64730928548265254E3
4.37918959479739733E8	-9.65116866801776396E3
4.38219109554777475E8	-9.65321459898143353E3
4.38519259629814950E8	-9.65308346293499575E3
4.38819409704852426E8	-9.65028865866041308E3
4.39119559779889990E8	-9.64434103799286646E3
4.39419709854927554E8	-9.63516300691319216E3
4.39719859929965118E8	-9.62374267905427594E3
4.40020010005002504E8	-9.61213708060307681E3
4.40320160080039980E8	-9.60220403405669387E3
4.40620310155077455E8	-9.59460423221429082E3
4.40920460230115019E8	-9.58909943528159303E3
4.41220610305152494E8	-9.58518874987156089E3
4.41520760380190058E8	-9.58242765491854342E3
4.41820910455227711E8	-9.58049942338974247E3
4.42121060530265186E8	-9.57919896839013951E3
4.42421210605302662E8	-9.57840094807909637E3
4.42721360680340137E8	-9.57803214731950092E3
4.43021510755377612E8	-9.57805095766490489E3
4.43321660830415176E8	-9.57843273658932048E3
4.43621810905452740E8	-9.57915946673011831E3
4.43921960980490127E8	-9.58021252040991200E3
4.44222111055527780E8	-9.58156773846605070E3
4.44522261130565077E8	-9.58319235566953687E3
4.44822411205602641E8	-9.58504357201461588E3
4.45122561280640294E8	-9.58706883056157722E3
4.45422711355677770E8	-9.58920817009385829E3
4.45722861430715245E8	-9.59139944024329161E3
4.46023011505752898E8	-9.59358775519715223E3
4.46323161580790373E8	-9.59574123455381311E3
4.46623311655827937E8	-9.59787538570732046E3
4.46923461730865323E8	-9.60008738546794937E3
4.47223611805902976E8	-9.60259800652795192E3
4.47523761880940363E8	-9.60579456792047814E3
4.47823911955977927E8	-9.61027033303479250E3
4.48124062031015580E8	-9.61687164150942664E3
4.48424212106053055E8	-9.62677066895973077E3
4.48724362181090530E8	-9.64144476389817839E3
4.49024512256128094E8	-9.66184603432777678E3
4.49324662331165570E8	-9.68591300792750509E3
4.49624812406203045E8	-9.70837952772869173E3
4.49924962481240609E8	-9.72609904742750864E3
4.50225112556278084E8	-9.73945100953772780E3
4.50525262631315648E8	-9.74974549683836145E3
4.50825412706353212E8	-9.75799072329020944E3
4.51125562781390776E8	-9.76480655203083181E3
4.51425712856428163E8	-9.77055149742179019E3
4.51725862931465816E8	-9.77542116786230864E3
4.52026013006503202E8	-9.77950182043498195E3
4.52326163081540766E8	-9.78279346358825386E3
4.52626313156578330E8	-9.78521294272860942E3
4.52926463231615895E8	-9.78658188402358675E3
4.53226613306653370E8	-9.78660261217762262E3
4.53526763381690845E8	-9.78483237404207351E3
4.53826913456728409E8	-9.78069812113424675E3
4.54127063531765884E8	-9.77367526088640659E3
4.54427213606803271E8	-9.76381226943402325E3
4.54727363681840835E8	-9.75237245656284735E3
4.55027513756878488E8	-9.74146900736379173E3
4.55327663831915874E8	-9.73256595337650410E3
4.55627813906953527E8	-9.72578431635829155E3
4.55927963981991002E8	-9.72040396863890876E3
4.56228114057028478E8	-9.71537523565056915E3
4.56528264132065953E8	-9.70938832338579871E3
4.56828414207103517E8	-9.70062801930720653E3
4.57128564282140992E8	-9.68665361234818434E3
4.57428714357178556E8	-9.66636289022486750E3
4.57728864432216120E8	-9.64495715334863135E3
4.58029014507253684E8	-9.62970952947299175E3
4.58329164582290982E8	-9.62139847051287589E3
4.58629314657328635E8	-9.61781139228184401E3
4.58929464732366199E8	-9.61719298708762516E3
4.59229614807403586E8	-9.61854312342008377E3
4.59529764882441150E8	-9.62132257253803225E3
4.59829914957478714E8	-9.62524086807805013E3
4.60130065032516278E8	-9.63013896311802853E3
4.60430215107553664E8	-9.63592062404596028E3
4.60730365182591228E8	-9.64250242153580039E3
4.61030515257628704E8	-9.64976368196455958E3
4.61330665332666268E8	-9.65747981925093413E3
4.61630815407703832E8	-9.66520738984124428E3
4.61930965482741396E8	-9.67200552817100245E3
4.62231115557778871E8	-9.67541048648516799E3
4.62531265632816435E8	-9.66559808724332115E3
4.62831415707853910E8	-9.60901286568410740E3
4.63131565782891474E8	-9.57647606168142040E3
4.63431715857928950E8	-9.57365202517835101E3
4.63731865932966514E8	-9.57698728820824030E3
4.64032016008003989E8	-9.58173754565600611E3
4.64332166083041464E8	-9.58642254909571712E3
4.64632316158079117E8	-9.59021188299396243E3
4.64932466233116592E8	-9.59221551849622323E3
4.65232616308153979E8	-9.59094538509877914E3
4.65532766383191632E8	-9.58350798351011335E3
4.65832916458229196E8	-9.56573002046554954E3
4.66133066533266494E8	-9.54076984871364786E3
4.66433216608304235E8	-9.52281106743454231E3
4.66733366683341799E8	-9.51478037944044175E3
4.67033516758379186E8	-9.51252373980599053E3
4.67333666833416661E8	-9.51323728028502735E3
4.67633816908454314E8	-9.51555749363367021E3
4.67933966983491700E8	-9.51881680578686407E3
4.68234117058529264E8	-9.52267075409108088E3
4.68534267133566829E8	-9.52693436111792735E3
4.68834417208604304E8	-9.53150770233047062E3
4.69134567283641779E8	-9.53634016185837652E3
4.69434717358679343E8	-9.54141277725281434E3
4.69734867433716907E8	-9.54673004533464464E3
4.70035017508754294E8	-9.55231771583616762E3
4.70335167583791769E8	-9.55822583917909263E3
4.70635317658829333E8	-9.56453869784191468E3
4.70935467733866808E8	-9.57139703164093802E3
4.71235617808904284E8	-9.57904683325194561E3
4.71535767883942025E8	-9.58795410478315979E3
4.71835917958979500E8	-9.59910655398497070E3
4.72136068034016887E8	-9.61491306100334775E3
4.72436218109054451E8	-9.64182338257681160E3
4.72736368184092193E8	-9.68852659578031528E3
4.73036518259129490E8	-9.73205055431816746E3
4.73336668334167054E8	-9.75719671337501815E3
4.73636818409204619E8	-9.77453847318406233E3
4.73936968484242094E8	-9.79298789759300448E3
4.74237118559279569E8	-9.89664993549837035E3
4.74537268634317133E8	-9.96563402289264566E3
4.74837418709354697E8	-9.97960396807371808E3
4.75137568784392172E8	-9.98954625981625455E3
4.75437718859429737E8	-9.99823684228475074E3
4.75737868934467212E8	-1.00062933914219654E4
4.76038019009504687E8	-1.00139187395578566E4
4.76338169084542251E8	-1.00211829313954026E4
4.76638319159579815E8	-1.00281006495432812E4
4.76938469234617202E8	-1.00346600921141693E4
4.77238619309654855E8	-1.00408365692808421E4
4.77538769384692241E8	-1.00466006605194913E4
4.77838919459729805E8	-1.00519249078965189E4
4.78139069534767458E8	-1.00567914127016356E4
4.78439219609804933E8	-1.00612023552626129E4
4.78739369684842409E8	-1.00651953874624356E4
4.79039519759879973E8	-1.00688655044155584E4
4.79339669834917448E8	-1.00723939806792440E4
4.79639819909955101E8	-1.00760833666451854E4
4.79939969984992487E8	-1.00803963774405325E4
4.80240120060030051E8	-1.00859955153965863E4
4.80540270135067527E8	-1.00937670065303498E4
4.80840420210105002E8	-1.01047369806285259E4
4.81140570285142566E8	-1.01195835711037074E4
4.81440720360180130E8	-1.01374988217354201E4
4.81740870435217605E8	-1.01557269508801129E4
4.82041020510254992E8	-1.01716405988383629E4
4.82341170585292733E8	-1.01845685767899097E4
4.82641320660330120E8	-1.01951292458212306E4
4.82941470735367684E8	-1.02041723000830165E4
4.83241620810405159E8	-1.02123993586949502E4
4.83541770885442723E8	-1.02203491082110132E4
4.83841920960480198E8	-1.02284673539063009E4
4.84142071035517674E8	-1.02371765033588913E4
4.84442221110555238E8	-1.02469246792410518E4
4.84742371185592624E8	-1.02581900948895810E4
4.85042521260630277E8	-1.02713733486484560E4
4.85342671335667841E8	-1.02864780064613326E4
4.85642821410705317E8	-1.03026643668475337E4
4.85942971485742792E8	-1.03182600330417018E4
4.86243121560780356E8	-1.03316019219125876E4
4.86543271635817920E8	-1.03417803487619042E4
4.86843421710855484E8	-1.03485047209385383E4
4.87143571785892870E8	-1.03515887016403263E4
4.87443721860930523E8	-1.03506288316617390E4
4.87743871935967910E8	-1.03451399973583835E4
4.88044022011005474E8	-1.03355105896368205E4
4.88344172086043038E8	-1.03242663715198946E4
4.88644322161080602E8	-1.03149475549438230E4
4.88944472236118077E8	-1.03093289065329152E4
4.89244622311155553E8	-1.03073224478004177E4
4.89544772386193117E8	-1.03084854688734939E4
4.89844922461230592E8	-1.03132245760753882E4
4.90145072536268156E8	-1.03256908379076595E4
4.90445222611305631E8	-1.03806304127669446E4
4.90745372686343106E8	-1.04572450791046068E4
4.91045522761380671E8	-1.04752821889269354E4
4.91345672836418323E8	-1.04839656930389968E4
4.91645822911455621E8	-1.04903516469705282E4
4.91945972986493274E8	-1.04959234201828289E4
4.92246123061530749E8	-1.05011627325462387E4
4.92546273136568225E8	-1.05062689176860968E4
4.92846423211605789E8	-1.05113398303927608E4
4.93146573286643441E8	-1.05164317939694252E4
4.93446723361680917E8	-1.05215838509271142E4
4.93746873436718392E8	-1.05268297746451323E4
4.94047023511755956E8	-1.05322059861632944E4
4.94347173586793520E8	-1.05377592224429995E4
4.94647323661830907E8	-1.05435571363539515E4
4.94947473736868382E8	-1.05497068282210438E4
4.95247623811905946E8	-1.05563927230646515E4
4.95547773886943421E8	-1.05639656134273152E4
4.95847923961980985E8	-1.05731889441239990E4
4.96148074037018549E8	-1.05860809397212319E4
4.96448224112056025E8	-1.06096113590528573E4
4.96748374187093411E8	-1.06649848170894535E4
4.97048524262130975E8	-1.07192319591654761E4
4.97348674337168539E8	-1.07430828152371771E4
4.97648824412206103E8	-1.07575314316105564E4
4.97948974487243490E8	-1.07692511630433763E4
4.98249124562281231E8	-1.07802222396138392E4
4.98549274637318707E8	-1.07911301746035515E4
4.98849424712356182E8	-1.08020391538015836E4
4.99149574787393568E8	-1.08124788079292067E4
4.99449724862431133E8	-1.08214058930701040E4
4.99749874937468697E8	-1.08270761735930376E4
5.00050025012506261E8	-1.08264129416058696E4
5.00350175087543736E8	-1.08133757885635040E4
5.00650325162581211E8	-1.07841414659412638E4
5.00950475237618775E8	-1.07580051575906843E4
5.01250625312656339E8	-1.07450115743771057E4
5.01550775387693815E8	-1.07385624893980181E4
5.01850925462731379E8	-1.07344685126371631E4
5.02151075537768854E8	-1.07310951704704882E4
5.02451225612806329E8	-1.07279125140498932E4
5.02751375687843982E8	-1.07249044003025018E4
5.03051525762881457E8	-1.07222952113889458E4
5.03351675837919021E8	-1.07203710005656916E4
5.03651825912956408E8	-1.07193622318327053E4
5.03951975987993883E8	-1.07193975258371799E4
5.04252126063031447E8	-1.07205154295244576E4
5.04552276138069011E8	-1.07227029342559144E4
5.04852426213106575E8	-1.07259359806766730E4
5.05152576288144139E8	-1.07302128875040514E4
5.05452726363181615E8	-1.07355825292560358E4
5.05752876438219090E8	-1.07421734016135773E4
5.06053026513256654E8	-1.07502298152756848E4
5.06353176588294041E8	-1.07601556165067258E4
5.06653326663331605E8	-1.07725391500909717E4
5.06953476738369169E8	-1.07880447686039638E4
5.07253626813406733E8	-1.08069017445346804E4
5.07553776888444208E8	-1.08279598175783942E4
5.07853926963481861E8	-1.08486358506147385E4
5.08154077038519247E8	-1.08667642691264210E4
5.08454227113556634E8	-1.08818420174248720E4
5.08754377188594198E8	-1.08943974988242909E4
5.09054527263631940E8	-1.09051496569296669E4
5.09354677338669326E8	-1.09146885995305265E4
5.09654827413706890E8	-1.09234437521058636E4
5.09954977488744454E8	-1.09317260091364510E4
5.10255127563781841E8	-1.09397730909953483E4
5.10555277638819316E8	-1.09477856278344587E4
5.10855427713856880E8	-1.09559566515246098E4
5.11155577788894444E8	-1.09645001738373371E4
5.11455727863931919E8	-1.09736857598074766E4
5.11755877938969483E8	-1.09838884907185874E4
5.12056028014007047E8	-1.09956682428891162E4
5.12356178089044523E8	-1.10098957129026509E4
5.12656328164081998E8	-1.10279246135754616E4
5.12956478239119473E8	-1.10517027520689526E4
5.13256628314157037E8	-1.10835627204043519E4
5.13556778389194601E8	-1.11262450656784084E4
5.13856928464232077E8	-1.11812102541105896E4
5.14157078539269641E8	-1.12316782797767845E4
5.14457228614307205E8	-1.12636986293191899E4
5.14757378689344769E8	-1.12835439551357841E4
5.15057528764382155E8	-1.12967136104462718E4
5.15357678839419542E8	-1.13055618626681809E4
5.15657828914457195E8	-1.13107736259033942E4
5.15957978989494759E8	-1.13118567891113231E4
5.16258129064532234E8	-1.13070364322948835E4
5.16558279139569798E8	-1.12938732721398916E4
5.16858429214607362E8	-1.12746428648816122E4
5.17158579289644749E8	-1.12592247895256881E4
5.17458729364682313E8	-1.12518881594311582E4
5.17758879439719877E8	-1.12503676191698188E4
5.18059029514757441E8	-1.12522717626302060E4
5.18359179589794827E8	-1.12562467144485034E4
5.18659329664832480E8	-1.12615828609210666E4
5.18959479739869955E8	-1.12678994014936018E4
5.19259629814907520E8	-1.12749847717968765E4
5.19559779889944906E8	-1.12827201955143752E4
5.19859929964982470E8	-1.12910432342644396E4
5.20160080040019857E8	-1.12999311156190640E4
5.20460230115057598E8	-1.13093940471934329E4
5.20760380190094985E8	-1.13194725545846175E4
5.21060530265132549E8	-1.13302330506860693E4
5.21360680340170113E8	-1.13417533339118881E4
5.21660830415207588E8	-1.13540857040835830E4
5.21960980490245152E8	-1.13671852256753980E4
5.22261130565282539E8	-1.13808082330633775E4
5.22561280640320103E8	-1.13944324889566051E4
5.22861430715357756E8	-1.14072860720608471E4
5.23161580790395142E8	-1.14185027096911584E4
5.23461730865432617E8	-1.14272729396335704E4
5.23761880940470270E8	-1.14328414843580117E4
5.24062031015507568E8	-1.14343641872216084E4
5.24362181090545132E8	-1.14308685290025069E4
5.24662331165582696E8	-1.14219333892019304E4
5.24962481240620260E8	-1.14094526036447630E4
5.25262631315657735E8	-1.13976205445873857E4
5.25562781390695299E8	-1.13892053201933852E4
5.25862931465732864E8	-1.13842168424871693E4
5.26163081540770339E8	-1.13816617786595242E4
5.26463231615807903E8	-1.13806596894929246E4
5.26763381690845467E8	-1.13806332395560750E4
5.27063531765882853E8	-1.13812375909060770E4
5.27363681840920417E8	-1.13822772732348532E4
5.27663831915958070E8	-1.13836504825721319E4
5.27963981990995546E8	-1.13853160136113907E4
5.28264132066033021E8	-1.13872747129268914E4
5.28564282141070585E8	-1.13895603295415770E4
5.28864432216108060E8	-1.13922374179062413E4
5.29164582291145624E8	-1.13954060552588232E4
5.29464732366183188E8	-1.13992151096804184E4
5.29764882441220575E8	-1.14038883251515322E4
5.30065032516258050E8	-1.14097710212890791E4
5.30365182591295614E8	-1.14174078612227503E4
5.30665332666333267E8	-1.14276479868781466E4
5.30965482741370565E8	-1.14416653930081758E4
5.31265632816407951E8	-1.14603843914485570E4
5.31565782891445693E8	-1.14826031870644063E4
5.31865932966483079E8	-1.15041641716012988E4
5.32166083041520643E8	-1.15217452059478509E4
5.32466233116558296E8	-1.15351697271795905E4
5.32766383191595860E8	-1.15456066593876550E4
5.33066533266633336E8	-1.15541514616082885E4
5.33366683341670722E8	-1.15615613642638970E4
5.33666833416708464E8	-1.15683383924633931E4
5.33966983491745673E8	-1.15748348886343799E4
5.34267133566783414E8	-1.15813319469949549E4
5.34567283641820978E8	-1.15881035785067654E4
5.34867433716858365E8	-1.15954949270985930E4
5.35167583791896018E8	-1.16040769594651438E4
5.35467733866933493E8	-1.16150928195940772E4
5.35767883941971057E8	-1.16322647202891760E4
5.36068034017008443E8	-1.16715425899670744E4
5.36368184092046008E8	-1.17469100604427079E4
5.36668334167083394E8	-1.17858915644640239E4
5.36968484242121136E8	-1.18103258449763926E4
5.37268634317158522E8	-1.18370303422680734E4
5.37568784392196086E8	-1.18722681763546900E4
5.37868934467233650E8	-1.19092930064347757E4
5.38169084542271126E8	-1.19364777120213650E4
5.38469234617308512E8	-1.19548006410480179E4
5.38769384692346076E8	-1.19683176376979117E4
5.39069534767383729E8	-1.19794406928160191E4
5.39369684842421115E8	-1.19895041603157160E4
5.39669834917458680E8	-1.19994518601417255E4
5.39969984992496155E8	-1.20103062708420749E4
5.40270135067533719E8	-1.20237623147246420E4
5.40570285142571283E8	-1.20434373115995674E4
5.40870435217608847E8	-1.20759486317636555E4
5.41170585292646411E8	-1.21177045664116267E4
5.41470735367683798E8	-1.21476750490478436E4
5.41770885442721362E8	-1.21652178206557915E4
5.42071035517758837E8	-1.21766657513693222E4
5.42371185592796401E8	-1.21851580962498263E4
5.42671335667833965E8	-1.21920555654367635E4
5.42971485742871440E8	-1.21980010549682594E4
5.43271635817908827E8	-1.22033265482898190E4
5.43571785892946391E8	-1.22082117940689572E4
5.43871935967983866E8	-1.22127505089094446E4
5.44172086043021430E8	-1.22169782781075620E4
5.44472236118059083E8	-1.22208818673406627E4
5.44772386193096381E8	-1.22243970600861718E4
5.45072536268133945E8	-1.22273969032123686E4
5.45372686343171686E8	-1.22296703023959830E4
5.45672836418209073E8	-1.22308934060523500E4
5.45972986493246459E8	-1.22306122933153949E4
5.46273136568284290E8	-1.22283098999840645E4
5.46573286643321588E8	-1.22237379406436242E4
5.46873436718359152E8	-1.22176390001843238E4
5.47173586793396804E8	-1.22121701698051166E4
5.47473736868434280E8	-1.22098326892928699E4
5.47773886943471489E8	-1.22120037152739047E4
5.48074037018509319E8	-1.22189113658449822E4
5.48374187093546883E8	-1.22303182326209336E4
5.48674337168584181E8	-1.22459698550734242E4
5.48974487243621834E8	-1.22660346067613935E4
5.49274637318659398E8	-1.22918119727196573E4
5.49574787393696873E8	-1.23248080495036039E4
5.49874937468734259E8	-1.23597959253831635E4
5.50175087543771735E8	-1.23863377560631793E4
5.50475237618809210E8	-1.24026435747185571E4
5.50775387693846952E8	-1.24114691088092144E4
5.51075537768884516E8	-1.24147473416466059E4
5.51375687843921902E8	-1.24134468217880034E4
5.51675837918959378E8	-1.24084636616439026E4
5.51975987993996942E8	-1.24013814344764661E4
5.52276138069034506E8	-1.23943272545249128E4
5.52576288144071981E8	-1.23889105464838822E4
5.52876438219109545E8	-1.23856527651595338E4
5.53176588294146931E8	-1.23843543698054104E4
5.53476738369184496E8	-1.23846010351322589E4
5.53776888444222060E8	-1.23860092943270117E4
5.54077038519259535E8	-1.23882873632540336E4
5.54377188594297188E8	-1.23912289389658192E4
5.54677338669334663E8	-1.23946940381476067E4
5.54977488744372227E8	-1.23985935853719487E4
5.55277638819409702E8	-1.24028817294604088E4
5.55577788894447266E8	-1.24075578657309959E4
5.55877938969484831E8	-1.24126839279395007E4
5.56178089044522217E8	-1.24184351568704221E4
5.56478239119559692E8	-1.24252474635479193E4
5.56778389194597256E8	-1.24343277482158610E4
5.57078539269634909E8	-1.24500935805323332E4
5.57378689344672207E8	-1.24962560942606826E4
5.57678839419709771E8	-1.25700107713309150E4
5.57978989494747335E8	-1.25947163676146290E4
5.58279139569784899E8	-1.26060993068993388E4
5.58579289644822197E8	-1.26138871569472188E4
5.58879439719859938E8	-1.26202605223257769E4
5.59179589794897502E8	-1.26259443399888482E4
5.59479739869934889E8	-1.26312443255996665E4
5.59779889944972631E8	-1.26363086819419457E4
5.60080040020010106E8	-1.26412134385431574E4
5.60380190095047404E8	-1.26459947116414506E4
5.60680340170085145E8	-1.26506613024959380E4
5.60980490245122621E8	-1.26551984388015937E4
5.61280640320160096E8	-1.26595665272323332E4
5.61580790395197660E8	-1.26636967124207911E4
5.61880940470235224E8	-1.26674868624150738E4
5.62181090545272699E8	-1.26708195235135235E4
5.62481240620310263E8	-1.26737879420926114E4
5.62781390695347650E8	-1.26828373192868149E4
5.63081540770385125E8	-1.28446422429704743E4
5.63381690845422689E8	-1.28406680984283139E4
5.63681840920460075E8	-1.28295593360519011E4
5.63981990995497640E8	-1.28146169368582541E4
5.64282141070535381E8	-1.28013468479438930E4
5.64582291145572768E8	-1.27930409356239894E4
5.64882441220610154E8	-1.27891875743763239E4
5.65182591295647718E8	-1.27882712206735194E4
5.65482741370685282E8	-1.27891157770952901E4
5.65782891445722846E8	-1.27909700144797656E4
5.66083041520760410E8	-1.27933620745517374E4
5.66383191595797797E8	-1.27959845918568771E4
5.66683341670835361E8	-1.27986261428636938E4
5.66983491745873103E8	-1.28011321874353312E4
5.67283641820910489E8	-1.28033828014044682E4
5.67583791895947876E8	-1.28052803401800963E4
5.67883941970985529E8	-1.28067438977989778E4
5.68184092046023004E8	-1.28077096000486623E4
5.68484242121060568E8	-1.28081369303442383E4
5.68784392196098043E8	-1.28080213844006141E4
5.69084542271135696E8	-1.28074122907538968E4
5.69384692346173082E8	-1.28064312903816147E4
5.69684842421210647E8	-1.28052830853771460E4
5.69984992496248033E8	-1.28042498495517409E4
5.70285142571285597E8	-1.28036685611362633E4
5.70585292646323072E8	-1.28039042396265135E4
5.70885442721360725E8	-1.28053409524688777E4
5.71185592796398200E8	-1.28084079376630822E4
5.71485742871435587E8	-1.28136402646430225E4
5.71785892946473151E8	-1.28217301828416419E4
5.72086043021510715E8	-1.28333952633439741E4
5.72386193096548013E8	-1.28486657548237559E4
5.72686343171585754E8	-1.28656717823340072E4
5.72986493246623230E8	-1.28810411328695262E4
5.73286643321660705E8	-1.28924916349057850E4
5.73586793396698447E8	-1.28997082467584123E4
5.73886943471736011E8	-1.29032217363759938E4
5.74187093546773308E8	-1.29036283592151158E4
5.74487243621810872E8	-1.29015051880749043E4
5.74787393696848437E8	-1.28975720666446358E4
5.75087543771885912E8	-1.28927609928508113E4
5.75387693846923476E8	-1.28880357358315401E4
5.75687843921961040E8	-1.28840989833049613E4
5.75987993996998515E8	-1.28812591475487381E4
5.76288144072035902E8	-1.28795098010849562E4
5.76588294147073466E8	-1.28786778091683329E4
5.76888444222110941E8	-1.28785298236019274E4
5.77188594297148505E8	-1.28788184804124861E4
5.77488744372186069E8	-1.28792859041892793E4
5.77788894447223633E8	-1.28796389199479178E4
5.78089044522261020E8	-1.28794968476885940E4
5.78389194597298584E8	-1.28782980082190823E4
5.78689344672336148E8	-1.28751405405562691E4
5.78989494747373623E8	-1.28685824094352963E4
5.79289644822411187E8	-1.28568442090068791E4
5.79589794897448662E8	-1.28400231728528702E4
5.79889944972486227E8	-1.28232529432806319E4
5.80190095047523791E8	-1.28119977665313067E4
5.80490245122561355E8	-1.28066871611694122E4
5.80790395197598919E8	-1.28055851480056226E4
5.81090545272636305E8	-1.28072282660700365E4
5.81390695347673692E8	-1.28107141065562002E4
5.81690845422711345E8	-1.28155087041813220E4
5.81990995497748820E8	-1.28212848237889054E4
5.82291145572786384E8	-1.28278278670382084E4
5.82591295647823948E8	-1.28349835645852872E4
5.82891445722861512E8	-1.28426279788336473E4
5.83191595797898898E8	-1.28506491808622991E4
5.83491745872936463E8	-1.28589349333580394E4
5.83791895947974027E8	-1.28673629494597375E4
5.84092046023011413E8	-1.28757908638837160E4
5.84392196098048977E8	-1.28840423773887380E4
5.84692346173086541E8	-1.28918840270349055E4
5.84992496248123839E8	-1.28989832420007677E4
5.85292646323161581E8	-1.29048329286886942E4
5.85592796398199056E8	-1.29086289310657176E4
5.85892946473236531E8	-1.29091502259546465E4
5.86193096548274184E8	-1.29050453608579074E4
5.86493246623311570E8	-1.28966312085179124E4
5.86793396698349135E8	-1.28880788746365149E4
5.87093546773386787E8	-1.28839975379834470E4
5.87393696848424263E8	-1.28851741351088700E4
5.87693846923461738E8	-1.28902900627004202E4
5.87993996998499302E8	-1.28980012728324489E4
5.88294147073536688E8	-1.29073771772496859E4
5.88594297148574253E8	-1.29178117367062884E4
5.88894447223611905E8	-1.29289066978033751E4
5.89194597298649292E8	-1.29403982468966450E4
5.89494747373686767E8	-1.29521135028780376E4
5.89794897448724331E8	-1.29639411807359672E4
5.90095047523761895E8	-1.29758085690048452E4
5.90395197598799282E8	-1.29876624807462404E4
5.90695347673836846E8	-1.29994544931959632E4
5.90995497748874410E8	-1.30111316047637082E4
5.91295647823911885E8	-1.30226331179372279E4
5.91595797898949449E8	-1.30338934730479683E4
5.91895947973987013E8	-1.30448493310987801E4
5.92196098049024489E8	-1.30554481514831289E4
5.92496248124062053E8	-1.30656554689850224E4
5.92796398199099439E8	-1.30754591046618640E4
5.93096548274136914E8	-1.30848700298969955E4
5.93396698349174745E8	-1.30939207781800682E4
5.93696848424212131E8	-1.31026627847556743E4
5.93996998499249695E8	-1.31111639191765428E4
5.94297148574287171E8	-1.31195070830266580E4
5.94597298649324735E8	-1.31277903195313184E4
5.94897448724361944E8	-1.31361284965751435E4
5.95197598799399774E8	-1.31446561584591737E4
5.95497748874437338E8	-1.31535302529385190E4
5.95797898949474725E8	-1.31629295060290330E4
5.96098049024512289E8	-1.31730433763316657E4
5.96398199099549853E8	-1.31840376660254943E4
5.96698349174587328E8	-1.31959805456272927E4
5.96998499249624892E8	-1.32087281694213976E4
5.97298649324662279E8	-1.32218233760217041E4
5.97598799399699843E8	-1.32345182152832885E4
5.97898949474737407E8	-1.32459634799494497E4
5.98199099549774882E8	-1.32554137391253901E4
5.98499249624812357E8	-1.32622424883179457E4
5.98799399699849921E8	-1.32657185880301576E4
5.99099549774887485E8	-1.32646060564703339E4
5.99399699849924872E8	-1.32568366594620568E4
5.99699849924962347E8	-1.32409300661611362E4
6.00000000000000000E8	-1.32214409551223744E4


